I
1130 Generated by WorldEditor 2.3.0r2

1     12 0 0 TXKF L F Wade Intl
1302 city Hamilton
1302 country Bermuda
1302 datum_lat 32.364041667
1302 datum_lon -64.678702778
1302 faa_code 
1302 iata_code BDA
1302 icao_code TXKF
1302 region_code TX
1302 state (unassigned)
1302 transition_alt 18000
1302 transition_level 18000
1302 drive_on_left 1
100 45.72 1 0 0.25 1 3 0 12  32.36669100 -064.69410300  171  229 3 0 1 1 30  32.36138600 -064.66326400    0   63 3 1 1 0
110 1 0.25 101.5000 A
111  32.36254605 -064.66378528
111  32.36275042 -064.66366251 102
111  32.36324150 -064.66519720 102
111  32.36365616 -064.66761727
111  32.36379897 -064.66845072 102
111  32.36400056 -064.66962729
111  32.36415470 -064.67052683 102
111  32.36481616 -064.67438733 102
111  32.36484860 -064.67457665 102
111  32.36537854 -064.67766952
111  32.36553497 -064.67858248 102
111  32.36619973 -064.68246221
111  32.36635845 -064.68338852 102
111  32.36688240 -064.68644646
111  32.36698875 -064.68706715 102
111  32.36714663 -064.68798858
112  32.36714663 -064.68798858  32.36719062 -064.68809273 102
111  32.36734990 -064.68801461
111  32.36702432 -064.68868238 102
111  32.36694144 -064.68803126 102
111  32.36675882 -064.68696577
111  32.36662638 -064.68619303 102
111  32.36528616 -064.67837343
111  32.36518558 -064.67778662 102
111  32.36452596 -064.67393802 102
111  32.36430696 -064.67266021 102
111  32.36381310 -064.66977877
111  32.36360910 -064.66858853 102
113  32.36303113 -064.66521629 102
110 1 0.25 11.5000 A
111  32.36275042 -064.66366251
111  32.36254605 -064.66378528 102
112  32.36207611 -064.66349573  32.36180845 -064.66354206 102
111  32.36169390 -064.66385838
111  32.36160028 -064.66331821 102
111  32.36215773 -064.66318690
114  32.36215773 -064.66318690  32.36260696 -064.66309240 102
110 1 0.25 67.0000 B
111  32.36625545 -064.69277645 53 102
112  32.36599668 -064.69274323  32.36583669 -064.69292231
111  32.36599668 -064.69274323 53 102
111  32.36578920 -064.69333237 53 102
111  32.36567827 -064.69364736
111  32.36535400 -064.69456808 53 102
111  32.36384371 -064.69885648 53 102
111  32.36380085 -064.69897817
111  32.36354774 -064.69969688 53 102
111  32.36269830 -064.70210296
111  32.36235347 -064.70192222
111  32.36252124 -064.70144170
111  32.36259369 -064.70123420
111  32.36271391 -064.70088986
111  32.36319242 -064.69953508 53 102
111  32.36544670 -064.69315267 53 102
113  32.36603486 -064.69148745
110 1 0.25 20.0000 B
111  32.36811404 -064.68751991 102
112  32.36797511 -064.68743918  32.36790455 -064.68745171
111  32.36797511 -064.68743918 102
111  32.36780354 -064.68747960
112  32.36780354 -064.68747960  32.36773651 -064.68751162 102
111  32.36767935 -064.68767544
111  32.36751473 -064.68759424 102
112  32.36776930 -064.68732691  32.36794217 -064.68726426
111  32.36776930 -064.68732691 102
111  32.36784430 -064.68729978
112  32.36784430 -064.68729978  32.36793015 -064.68726497 102
113  32.36795271 -064.68714386
110 1 0.25 67.0000 B
111  32.36645321 -064.69151055
111  32.36625092 -064.69032059 102
112  32.36645321 -064.69028026  32.36654121 -064.69019692
111  32.36645321 -064.69028026 102
111  32.36675699 -064.68943033 102
111  32.36702432 -064.68868238
111  32.36734990 -064.68801461 102
111  32.36740156 -064.68790688 102
111  32.36751473 -064.68759424
111  32.36767935 -064.68767544 102
111  32.36760390 -064.68824794 102
113  32.36712006 -064.68961980 102
110 1 0.25 70.0000 C
111  32.36360910 -064.66858853
111  32.36381310 -064.66977877 102
112  32.36354360 -064.66970211  32.36341481 -064.66982095
111  32.36354360 -064.66970211 102
111  32.36311874 -064.67083450 102
111  32.36306212 -064.67129556 102
111  32.36302723 -064.67157970
111  32.36283867 -064.67051279 102
111  32.36301059 -064.67045698 102
113  32.36355963 -064.66881886 102
110 1 0.25 11.5000 E
111  32.36518558 -064.67778662
111  32.36528616 -064.67837343 102
112  32.36503398 -064.67823692  32.36489944 -064.67826142
111  32.36503398 -064.67823692 102
111  32.36483208 -064.67828510 102
111  32.36447023 -064.67837146
112  32.36447023 -064.67837146  32.36428654 -064.67843885 102
111  32.36425822 -064.67874749
111  32.36412754 -064.67798354 102
112  32.36444344 -064.67812812  32.36460643 -064.67809749
111  32.36444344 -064.67812812 102
111  32.36479371 -064.67805551 102
111  32.36499052 -064.67801472
114  32.36499052 -064.67801472  32.36513411 -064.67797337 102
110 1 0.25 11.5000 F
111  32.36788053 -064.68672510 102
112  32.36771383 -064.68660741  32.36762082 -064.68662133
111  32.36771383 -064.68660741 102
111  32.36718419 -064.68674933
112  32.36718419 -064.68674933  32.36699069 -064.68681894 102
111  32.36698875 -064.68706715
111  32.36688240 -064.68644646 102
112  32.36716127 -064.68660380  32.36733660 -064.68656583
111  32.36716127 -064.68660380 102
111  32.36768836 -064.68646568
112  32.36768836 -064.68646568  32.36778565 -064.68644036 102
113  32.36780819 -064.68630533
110 1 0.25 355.0000 F
111  32.36662638 -064.68619303
111  32.36675882 -064.68696577
111  32.36670077 -064.68689634
111  32.36662056 -064.68688549
111  32.36662515 -064.68680138
111  32.36587577 -064.68670100
111  32.36577264 -064.68677697
111  32.36578869 -064.68685836
111  32.36572681 -064.68692348
111  32.36573827 -064.68702658
111  32.36568271 -064.68704417
111  32.36551369 -064.68605256
111  32.36556869 -064.68604442
111  32.36560306 -064.68624519
111  32.36568785 -064.68629674
111  32.36570619 -064.68639170
111  32.36637994 -064.68647581
111  32.36647848 -064.68645410
111  32.36648306 -064.68639441
113  32.36657015 -064.68638627
110 1 0.25 0.0000 F
111  32.36523749 -064.68688164
111  32.36516690 -064.68688462
111  32.36515178 -064.68681897
111  32.35829918 -064.68613259
112  32.35829918 -064.68613259  32.35820751 -064.68618685
111  32.35827953 -064.68628960
111  32.35837286 -064.68631868
111  32.35834339 -064.68683623
111  32.35734126 -064.68662107
111  32.35738056 -064.68609770
111  32.35751319 -064.68609188
112  32.35751319 -064.68599302  32.35744444 -064.68592249
111  32.35751319 -064.68599302
111  32.35518102 -064.68581409
111  32.35522025 -064.68539614
111  32.35702485 -064.68546579
111  32.35724062 -064.68542709
111  32.35747600 -064.68477694
111  32.36356163 -064.68522756
111  32.36486463 -064.68469358
111  32.36493710 -064.68511653
111  32.36388763 -064.68551306
112  32.36371793 -064.68579855  32.36371037 -064.68601044
111  32.36388316 -064.68607347
111  32.36493951 -064.68617725
111  32.36493044 -064.68613168
111  32.36501881 -064.68610864
111  32.36499722 -064.68597864
113  32.36507990 -064.68594975
110 1 0.25 11.5000 G
111  32.36649187 -064.69414528
111  32.36555491 -064.69435453
112  32.36555491 -064.69435453  32.36546548 -064.69437722 53 102
111  32.36535400 -064.69456808
111  32.36567827 -064.69364736 53 102
112  32.36590627 -064.69387048  32.36612773 -064.69382510
111  32.36590627 -064.69387048 53 102
111  32.36604894 -064.69383771
112  32.36604894 -064.69383771  32.36637262 -064.69372930 53 102
113  32.36635771 -064.69336122
110 1 0.25 140.0000 Q
111  32.36452166 -064.70059429 53 102
112  32.36429354 -064.69990673  32.36403835 -064.69962755
111  32.36429354 -064.69990673 53 102
111  32.36394846 -064.69954603 53 102
112  32.36381241 -064.69952254  32.36372970 -064.69954755
111  32.36381241 -064.69952254 53 102
111  32.36365936 -064.69959301
112  32.36365936 -064.69959301  32.36359776 -064.69961801 53 102
111  32.36354774 -064.69969688
111  32.36380085 -064.69897817 53 102
112  32.36392256 -064.69917866  32.36401231 -064.69927242
111  32.36392256 -064.69917866 53 102
111  32.36402949 -064.69929113 53 102
111  32.36423125 -064.69950333 53 102
111  32.36439627 -064.69967689 53 102
111  32.36464863 -064.69998373 53 102
113  32.36471088 -064.70005942
110 1 0.25 30.0000 T
111  32.36319242 -064.69953508
111  32.36271391 -064.70088986
112  32.36238864 -064.70076813  32.36217217 -064.70090981
111  32.36238864 -064.70076813
111  32.36212461 -064.70092264
111  32.36192578 -064.70107651
111  32.36182276 -064.70118908
111  32.36174662 -064.70130951
111  32.36216219 -064.70035849 53 102
112  32.36231242 -064.70034089  32.36239162 -064.70027839
111  32.36231242 -064.70034089 53 102
111  32.36241598 -064.70026563 53 102
111  32.36275606 -064.70001845
114  32.36275606 -064.70001845  32.36296863 -064.69986074 53 102
110 1 0.25 0.0000 U
111  32.36201206 -064.66810067 53
112  32.36177006 -064.66790073  32.36162424 -064.66786592
111  32.36177006 -064.66790073
111  32.36118270 -064.66786491
111  32.36116758 -064.66730088
112  32.36139949 -064.66762617  32.36158544 -064.66764044
111  32.36139949 -064.66762617
111  32.36171208 -064.66765004
112  32.36171208 -064.66765004  32.36185202 -064.66764726 53
113  32.36191593 -064.66753963
110 1 0.25 11.5000 V
111  32.36119281 -064.66332762
111  32.36129391 -064.66393975 53
112  32.36106272 -064.66380389  32.36093015 -064.66377352
111  32.36106272 -064.66380389
111  32.36106827 -064.66384985
112  32.36106827 -064.66384985  32.36063782 -064.66387839
111  32.36065510 -064.66436852
111  32.36033621 -064.66289130
111  32.36057746 -064.66295039
113  32.36109172 -064.66335135 53
110 1 0.25 101.5000 Apron
111  32.36959053 -064.68693626
111  32.36896738 -064.68709406
111  32.36898811 -064.68721173
111  32.36837677 -064.68740768
112  32.36837677 -064.68740768  32.36827519 -064.68743826
111  32.36826011 -064.68755865
111  32.36828956 -064.68776917
111  32.36812016 -064.69442364
111  32.36796834 -064.69443031
111  32.36816322 -064.68780108
111  32.36811404 -064.68751991
111  32.36795271 -064.68714386
111  32.36788053 -064.68672510
111  32.36780819 -064.68630533
111  32.36768429 -064.68558646
111  32.36797216 -064.68551414
112  32.36813862 -064.68541320  32.36819904 -064.68534907
111  32.36813862 -064.68541320
111  32.36832044 -064.68505495
111  32.36843967 -064.68515344
111  32.36857000 -064.68511405
111  32.36851732 -064.68518299
111  32.36853793 -064.68532649
113  32.36929575 -064.68516479
111  32.36812773 -064.68669234
111  32.36819212 -064.68708923
111  32.36855907 -064.68700851
113  32.36848947 -064.68661386
111  32.36805273 -064.68624836
111  32.36811712 -064.68664525
111  32.36848406 -064.68656453
113  32.36841447 -064.68616988
111  32.36797773 -064.68581178
111  32.36804212 -064.68620867
111  32.36840907 -064.68612795
113  32.36833947 -064.68573330
110 1 0.25 101.5000 Apron
111  32.36461864 -064.67057828
111  32.36453293 -064.67007690
111  32.36448755 -064.66962625 53
111  32.36422856 -064.66817866
111  32.36411124 -064.66752289
111  32.36428770 -064.66738008
111  32.36479107 -064.66746554
111  32.36500467 -064.66792135
111  32.36521390 -064.66908732
111  32.36530969 -064.66906941
111  32.36550632 -064.66949618
111  32.36526431 -064.66962451
111  32.36528700 -064.66983985
111  32.36522902 -064.66984880
111  32.36510802 -064.67018306
113  32.36479292 -064.67049344
110 1 0.25 101.5000 Apron
111  32.36116758 -064.66730088
111  32.36118270 -064.66786491
111  32.36014749 -064.66781718
111  32.35879558 -064.66515768
111  32.35954069 -064.66464242
111  32.35891916 -064.66101268
111  32.35975778 -064.66267975
112  32.36008000 -064.66293688  32.36033164 -064.66296072
111  32.36008000 -064.66293688
111  32.36033621 -064.66289130
113  32.36065510 -064.66436852
110 1 0.25 11.5000 Pad
111  32.36453293 -064.67007690
111  32.36441676 -064.67009444
111  32.36434201 -064.67010572
112  32.36434201 -064.67010572  32.36411818 -064.67018540
111  32.36415470 -064.67052683
111  32.36400056 -064.66962729
112  32.36437616 -064.66984030  32.36465633 -064.66977359
111  32.36437616 -064.66984030
112  32.36437616 -064.66984030  32.36449825 -064.66980694 53
113  32.36448755 -064.66962625
110 1 0.25 11.5000 Pad
111  32.36422856 -064.66817866 53
112  32.36407504 -064.66807744  32.36398061 -064.66808357
111  32.36407504 -064.66807744
111  32.36398723 -064.66809997
112  32.36398723 -064.66809997  32.36379319 -064.66814898
111  32.36379897 -064.66845072
111  32.36365616 -064.66761727
112  32.36400436 -064.66784036  32.36426308 -064.66780820
111  32.36400436 -064.66784036
111  32.36398981 -064.66766263
111  32.36408735 -064.66755039
113  32.36411124 -064.66752289
110 1 0.25 11.5000 Pad
111  32.36717573 -064.68250859
111  32.36724613 -064.68237298
111  32.36743520 -064.68232921
111  32.36758293 -064.68245029
111  32.36761891 -064.68265434
111  32.36752800 -064.68284718
111  32.36735708 -064.68288531
111  32.36723255 -064.68278664
111  32.36700338 -064.68283038
111  32.36690868 -064.68297051
112  32.36661512 -064.68284718  32.36647852 -064.68287245
111  32.36661512 -064.68284718
112  32.36661512 -064.68284718  32.36631915 -064.68292130
111  32.36635845 -064.68338852
111  32.36619973 -064.68246221
112  32.36659239 -064.68270367  32.36685564 -064.68265819
111  32.36659239 -064.68270367
111  32.36657535 -064.68256016
113  32.36681967 -064.68258035
111  32.36741061 -064.68239189
111  32.36728070 -064.68242525
111  32.36720557 -064.68256424
111  32.36723061 -064.68271434
111  32.36737305 -064.68281626
111  32.36749201 -064.68278476
111  32.36756401 -064.68264207
113  32.36754053 -064.68248826
110 5 0.25 0.0000 mine_wrm_dry_fl.pol
111  32.36379335 -064.70215414
111  32.36329326 -064.70236797
111  32.36309795 -064.70243165
111  32.36288434 -064.70243216
111  32.36379865 -064.69992397
111  32.36390430 -064.69975496
111  32.36431546 -064.70018764
113  32.36437257 -064.70050201
110 1 0.25 155.0000 asphalt_2D.pol
111  32.36044397 -064.70528207
112  32.36067622 -064.70512193  32.36074369 -064.70499804
111  32.36067622 -064.70512193
111  32.36101029 -064.70416870
112  32.36101029 -064.70416870  32.36108465 -064.70409632
111  32.36128219 -064.70413911
111  32.36325143 -064.70511440
111  32.36332354 -064.70530476
112  32.36332354 -064.70530476  32.36334138 -064.70543152
111  32.36329808 -064.70556870
111  32.36300579 -064.70639382
112  32.36300579 -064.70639382  32.36290268 -064.70662152
111  32.36267685 -064.70657635
113  32.36039832 -064.70539597
111  32.36121857 -064.70421542
112  32.36103813 -064.70428115  32.36099337 -064.70438168
111  32.36103813 -064.70428115
111  32.36093815 -064.70455901
112  32.36093815 -064.70455901  32.36091749 -064.70461743
111  32.36097864 -064.70465204
111  32.36111942 -064.70471307
111  32.36116701 -064.70471073
111  32.36155137 -064.70490470
113  32.36170050 -064.70447537
111  32.36253284 -064.70582340
111  32.36234245 -064.70571070
111  32.36235867 -064.70566453
111  32.36232631 -064.70564989
111  32.36230918 -064.70569045
111  32.36218449 -064.70563072
111  32.36220448 -064.70558002
111  32.36216830 -064.70556199
111  32.36215024 -064.70561607
111  32.36180473 -064.70543781
111  32.36181921 -064.70538747
111  32.36178770 -064.70537044
111  32.36177027 -064.70542429
111  32.36165361 -064.70536869
111  32.36167339 -064.70530960
111  32.36163382 -064.70529083
111  32.36161343 -064.70535354
111  32.36142498 -064.70525213
111  32.36150778 -064.70499861
111  32.36112802 -064.70482284
111  32.36107948 -064.70473495
111  32.36097955 -064.70469101
112  32.36088247 -064.70474509  32.36085669 -064.70481786
111  32.36088247 -064.70474509
111  32.36073114 -064.70519129
112  32.36073114 -064.70519129  32.36069743 -064.70535326
111  32.36083678 -064.70553270
111  32.36245289 -064.70637438
112  32.36272700 -064.70619523  32.36280124 -064.70602283
111  32.36272700 -064.70619523
111  32.36284354 -064.70586463
112  32.36277018 -064.70565336  32.36267379 -064.70557348
111  32.36277018 -064.70565336
113  32.36261750 -064.70558763
111  32.36047976 -064.70534166
111  32.36074150 -064.70548015
112  32.36068994 -064.70522663  32.36071969 -064.70510457
111  32.36068994 -064.70522663
114  32.36068994 -064.70522663  32.36060270 -064.70531818
111  32.36293894 -064.70558793
111  32.36292228 -064.70562737
111  32.36280569 -064.70556258
112  32.36289849 -064.70588089  32.36285718 -064.70607064
111  32.36289849 -064.70588089
111  32.36279379 -064.70621329
112  32.36279379 -064.70621329  32.36271613 -064.70639521
111  32.36253443 -064.70641329
111  32.36267482 -064.70650061
112  32.36296035 -064.70636258  32.36305784 -064.70618066
111  32.36296035 -064.70636258
111  32.36315692 -064.70579255
112  32.36312691 -064.70568934  32.36307899 -064.70566195
113  32.36312691 -064.70568934
111  32.36278843 -064.70503122
111  32.36266508 -064.70537196
111  32.36295822 -064.70552052
111  32.36295632 -064.70555449
111  32.36314477 -064.70564779
112  32.36323043 -064.70558289  32.36326348 -064.70549486
111  32.36323043 -064.70558289
111  32.36327155 -064.70543686
112  32.36319133 -064.70523657  32.36310541 -064.70517202
113  32.36319133 -064.70523657
111  32.36238318 -064.70506684
111  32.36234219 -064.70518418
111  32.36257836 -064.70529833
113  32.36261605 -064.70518476
111  32.36222902 -064.70499019
111  32.36218771 -064.70509974
111  32.36230007 -064.70515842
113  32.36234138 -064.70505083
111  32.36210674 -064.70493346
111  32.36200099 -064.70487282
111  32.36195968 -064.70498628
113  32.36207039 -064.70504105
111  32.36173000 -064.70473002
111  32.36168869 -064.70484739
111  32.36192003 -064.70495694
113  32.36195968 -064.70485326
110 2 0.25 65.0000 concrete_6D.pol
111  32.36163140 -064.70299883
111  32.36183251 -064.70243110
111  32.36393948 -064.70353250
111  32.36375387 -064.70405365
113  32.36374557 -064.70407697
110 1 0.25 155.0000 asphalt_2D.pol
111  32.36153326 -064.70179549
111  32.36151638 -064.70190401
112  32.36164703 -064.70218421  32.36178808 -064.70228987
111  32.36164703 -064.70218421
111  32.36201014 -064.70242352
112  32.36218777 -064.70237787  32.36224835 -064.70226865
111  32.36218777 -064.70237787
111  32.36235347 -064.70192222
111  32.36269830 -064.70210296
111  32.36257558 -064.70246176
111  32.36311918 -064.70248291
111  32.36396462 -064.70214055
111  32.36392044 -064.70226129
111  32.36351993 -064.70243360
111  32.36380300 -064.70258869
111  32.36353775 -064.70332237
111  32.36183251 -064.70243110
111  32.36163140 -064.70299883
111  32.36374557 -064.70407697
111  32.36375387 -064.70405365
111  32.36435493 -064.70437474
111  32.36447245 -064.70444456
111  32.36405130 -064.70550685
111  32.36399192 -064.70547493
111  32.36437710 -064.70453190
112  32.36433673 -064.70437887  32.36427458 -064.70432680
111  32.36433673 -064.70437887
111  32.36404974 -064.70422231
111  32.36362194 -064.70528574
111  32.36325143 -064.70511440
111  32.36320374 -064.70509234
111  32.36128219 -064.70413911
111  32.36125429 -064.70384907
112  32.36105969 -064.70393518  32.36100516 -064.70404668
111  32.36105969 -064.70393518
111  32.36086538 -064.70431739
111  32.36086101 -064.70447102
111  32.36081608 -064.70445219
111  32.36083674 -064.70411565
111  32.36115616 -064.70336645
111  32.36153575 -064.70254359
112  32.36143391 -064.70247812  32.36143183 -064.70247689
111  32.36143391 -064.70247812
112  32.36143391 -064.70247812  32.36125462 -064.70244227
113  32.36116894 -064.70260403
110 1 0.25 62.0000 asphalt_3D.pol
111  32.36172518 -064.70007890
111  32.36188402 -064.70018052
111  32.36216219 -064.70035849
111  32.36174662 -064.70130951
111  32.36153326 -064.70179549
111  32.36116894 -064.70260403
111  32.36105854 -064.70297725
112  32.36115745 -064.70336112  32.36134334 -064.70352250
111  32.36115745 -064.70336112
111  32.36083674 -064.70411565
111  32.36081608 -064.70445219
111  32.36034223 -064.70549155
111  32.36022299 -064.70549303
111  32.36007069 -064.70538625
111  32.35995062 -064.70522570
111  32.35988173 -064.70538049
112  32.35988173 -064.70538049  32.35973577 -064.70522726
111  32.35971369 -064.70503831
111  32.35959281 -064.70507603
111  32.35942024 -064.70502616
111  32.35909302 -064.70402577
111  32.35908944 -064.70399130
111  32.35909274 -064.70395384
111  32.35911185 -064.70392839
111  32.35914269 -064.70391664
111  32.35914652 -064.70374572
111  32.35920230 -064.70370838
111  32.35930841 -064.70354734
111  32.35936190 -064.70356927
111  32.35943849 -064.70354844
111  32.35965178 -064.70307743
111  32.36020060 -064.70341300
111  32.36035195 -064.70308174
111  32.36028683 -064.70303590
111  32.36150563 -064.70036827
113  32.36157466 -064.70041353
111  32.35975859 -064.70400154
111  32.36019125 -064.70427024
111  32.36033670 -064.70393277
111  32.35991421 -064.70365807
111  32.35985458 -064.70378721
111  32.35975124 -064.70372744
111  32.35975560 -064.70382903
113  32.35981776 -064.70387035
111  32.35977469 -064.70441469
111  32.35972529 -064.70452035
111  32.35963843 -064.70445997
111  32.35959938 -064.70454582
111  32.35969023 -064.70460431
111  32.35964162 -064.70470902
111  32.35993088 -064.70489015
113  32.36005997 -064.70459865
111  32.35944076 -064.70381598
112  32.35934660 -064.70408690  32.35934715 -064.70425919
111  32.35934660 -064.70408690
112  32.35934660 -064.70408690  32.35934549 -064.70423626
111  32.35943242 -064.70437272
111  32.35945531 -064.70435319
111  32.35951474 -064.70439097
113  32.35970228 -064.70396125
110 1 0.25 62.0000 asphalt_5D.pol
111  32.36116457 -064.69973669
111  32.35965178 -064.70307743
111  32.35943849 -064.70354844
111  32.35936190 -064.70356927
111  32.35930841 -064.70354734
111  32.35930541 -064.70347678
111  32.35925214 -064.70343007
111  32.35918051 -064.70345103
111  32.35888241 -064.70326038
111  32.35875451 -064.70281158
111  32.35908434 -064.70209212
111  32.35924448 -064.70204089
111  32.35958802 -064.70227381
111  32.35986683 -064.70164316
111  32.35983781 -064.70153541
111  32.35967444 -064.70143269
111  32.35969405 -064.70139045
111  32.35981716 -064.70112529
111  32.35993908 -064.70119853
111  32.36009150 -064.70083926
111  32.36026588 -064.70094499
111  32.36052836 -064.70031930
111  32.36060168 -064.70016575
111  32.36065567 -064.70005212
111  32.36066765 -064.70002632
111  32.36094427 -064.69944827
111  32.36125843 -064.69947625
111  32.36168382 -064.69960781
111  32.36166234 -064.69970366
111  32.36181601 -064.69994623
111  32.36195134 -064.70003704
111  32.36188402 -064.70018052
113  32.36172518 -064.70007890
110 2 0.25 67.0000 concrete_6D.pol
111  32.36235347 -064.70192222
111  32.36189603 -064.70169221
111  32.36172584 -064.70167460
111  32.36166470 -064.70170003
111  32.36151638 -064.70190401
111  32.36153326 -064.70179549
111  32.36174662 -064.70130951
111  32.36182276 -064.70118908
111  32.36192578 -064.70107651
111  32.36212461 -064.70092264
111  32.36201170 -064.70119729
111  32.36210588 -064.70138313
111  32.36226782 -064.70146529
113  32.36252124 -064.70144170
110 2 0.25 62.0000 concrete_2D.pol
111  32.35970228 -064.70396125
111  32.35951474 -064.70439097
111  32.35945531 -064.70435319
111  32.35943242 -064.70437272
112  32.35934660 -064.70408690  32.35934394 -064.70390609
113  32.35944076 -064.70381598
110 2 0.25 62.0000 concrete_2D.pol
111  32.36005997 -064.70459865
111  32.35993088 -064.70489015
111  32.35964162 -064.70470902
111  32.35969023 -064.70460431
111  32.35959938 -064.70454582
111  32.35963843 -064.70445997
111  32.35972529 -064.70452035
113  32.35977469 -064.70441469
110 2 0.25 62.0000 concrete_2D.pol
111  32.36033670 -064.70393277
111  32.36019125 -064.70427024
111  32.35975859 -064.70400154
111  32.35981776 -064.70387035
111  32.35975560 -064.70382903
111  32.35975124 -064.70372744
111  32.35985458 -064.70378721
113  32.35991421 -064.70365807
110 2 0.25 62.0000 concrete_2D.pol
111  32.36172518 -064.70007890
111  32.36157466 -064.70041353
111  32.36150563 -064.70036827
111  32.36028683 -064.70303590
111  32.36035195 -064.70308174
111  32.36020060 -064.70341300
111  32.35965178 -064.70307743
113  32.36116457 -064.69973669
110 1 0.25 62.0000 asphalt_3D.pol
112  32.35960029 -064.70120428  32.35961855 -064.70116448
111  32.35960029 -064.70120428
111  32.35944899 -064.70110894
111  32.36000693 -064.69984144
112  32.36010211 -064.69979702  32.36015391 -064.69982060
111  32.36010211 -064.69979702
111  32.36018090 -064.69984474
112  32.36018915 -064.69982468  32.36018277 -064.69980581
111  32.36018915 -064.69982468
111  32.36005109 -064.69974218
111  32.36008093 -064.69967334
111  32.36030667 -064.69981793
112  32.36031748 -064.69979559  32.36030712 -064.69977106
111  32.36031748 -064.69979559
111  32.36013749 -064.69967565
111  32.36030911 -064.69932274
111  32.36037184 -064.69932274
111  32.36062682 -064.69903572
111  32.36057976 -064.69899266
111  32.36075115 -064.69876702
111  32.36072441 -064.69874069
111  32.36112569 -064.69815204
111  32.36162477 -064.69860254
111  32.36136706 -064.69902967
111  32.36113937 -064.69906736
111  32.36094226 -064.69937787
111  32.36094427 -064.69944827
111  32.36066765 -064.70002632
111  32.36036692 -064.69983154
112  32.36035536 -064.69985616  32.36037130 -064.69987409
111  32.36035536 -064.69985616
111  32.36065567 -064.70005212
111  32.36060168 -064.70016575
111  32.36055965 -064.70013793
111  32.36048466 -064.70028687
111  32.36052836 -064.70031930
111  32.36026588 -064.70094499
111  32.36009150 -064.70083926
111  32.35993908 -064.70119853
111  32.35981716 -064.70112529
111  32.35967975 -064.70142325
111  32.35939982 -064.70124454
111  32.35943863 -064.70116211
113  32.35955701 -064.70123046
111  32.35984309 -064.70073943
112  32.35984309 -064.70073943  32.35981767 -064.70078875
111  32.35979184 -064.70080010
111  32.35962626 -064.70117260
112  32.35962626 -064.70117260  32.35962626 -064.70118852
111  32.35964053 -064.70118078
111  32.35980558 -064.70081102
111  32.35990791 -064.70070350
111  32.36027740 -064.69989633
112  32.36024684 -064.69987801  32.36022134 -064.69989783
113  32.36024684 -064.69987801
110 1 0.25 62.0000 asphalt_3D.pol
111  32.35983781 -064.70153541
112  32.35983781 -064.70153541  32.35988018 -064.70157094
111  32.35986683 -064.70164316
111  32.35958802 -064.70227381
111  32.35924448 -064.70204089
111  32.35908434 -064.70209212
111  32.35875451 -064.70281158
111  32.35868049 -064.70276587
111  32.35901030 -064.70202275
112  32.35905818 -064.70197794  32.35908858 -064.70196459
111  32.35905818 -064.70197794
111  32.35924484 -064.70191352
112  32.35924484 -064.70191352  32.35934142 -064.70188635
111  32.35937089 -064.70181161
111  32.35921063 -064.70171748
111  32.35936257 -064.70138958
111  32.35940492 -064.70141905
112  32.35943159 -064.70136014  32.35942937 -064.70131167
111  32.35943159 -064.70136014
111  32.35939030 -064.70132974
113  32.35941692 -064.70127229
111  32.35961646 -064.70156245
111  32.35965917 -064.70158919
111  32.35968221 -064.70154219
112  32.35968221 -064.70154219  32.35969823 -064.70151186
111  32.35967735 -064.70149964
111  32.35961556 -064.70145958
111  32.35958725 -064.70152430
111  32.35961017 -064.70154027
111  32.35937974 -064.70201477
111  32.35941995 -064.70204032
112  32.35941995 -064.70204032  32.35944250 -064.70205483
111  32.35944066 -064.70202572
113  32.35940691 -064.70199978
111  32.35954133 -064.70148711
112  32.35954133 -064.70148711  32.35955985 -064.70144486
111  32.35953094 -064.70142811
111  32.35950247 -064.70140885
112  32.35947316 -064.70142357  32.35946090 -064.70144679
111  32.35947316 -064.70142357
111  32.35945777 -064.70145611
111  32.35950242 -064.70148621
111  32.35936049 -064.70178939
113  32.35938697 -064.70180568
111  32.35970133 -064.70161064
111  32.35973936 -064.70163958
111  32.35953246 -064.70208097
111  32.35948271 -064.70204930
112  32.35948271 -064.70204930  32.35946248 -064.70205272
111  32.35946939 -064.70207631
111  32.35951763 -064.70210605
112  32.35957554 -064.70207177  32.35958494 -064.70201565
111  32.35957554 -064.70207177
111  32.35956777 -064.70204669
111  32.35974197 -064.70167366
111  32.35977732 -064.70165683
112  32.35979291 -064.70161440  32.35978801 -064.70159060
111  32.35979291 -064.70161440
111  32.35976184 -064.70156257
113  32.35973293 -064.70154455
110 1 0.25 0.0000 asphalt_4D.pol
111  32.36536396 -064.67132250
111  32.36496469 -064.67122717
111  32.36462581 -064.67140592
111  32.36441676 -064.67009444
111  32.36453293 -064.67007690
111  32.36461864 -064.67057828
111  32.36479292 -064.67049344
111  32.36510802 -064.67018306
111  32.36522902 -064.66984880
111  32.36528700 -064.66983985
111  32.36526431 -064.66962451
111  32.36550632 -064.66949618
111  32.36530969 -064.66906941
111  32.36521390 -064.66908732
111  32.36500467 -064.66792135
111  32.36479107 -064.66746554
111  32.36428770 -064.66738008
111  32.36411124 -064.66752289
111  32.36408735 -064.66755039
111  32.36393463 -064.66739285
111  32.36381384 -064.66669771
111  32.36387088 -064.66665004
111  32.36393127 -064.66676126
111  32.36415944 -064.66655091
111  32.36459722 -064.66714920
111  32.36485806 -064.66746123
111  32.36553367 -064.66878187
111  32.36569277 -064.66886257
111  32.36578672 -064.66882285
111  32.36604172 -064.66969277
111  32.36553843 -064.66980399
113  32.36551962 -064.67049207
110 1 0.25 11.0000 asphalt_3D.pol
111  32.36833947 -064.68573330
111  32.36840907 -064.68612795
111  32.36804212 -064.68620867
113  32.36797773 -064.68581178
110 1 0.25 11.0000 asphalt_3D.pol
111  32.36841447 -064.68616988
111  32.36848406 -064.68656453
111  32.36811712 -064.68664525
113  32.36805273 -064.68624836
110 1 0.25 11.0000 asphalt_3D.pol
111  32.36848947 -064.68661386
111  32.36855907 -064.68700851
111  32.36819212 -064.68708923
113  32.36812773 -064.68669234
110 1 0.25 0.0000 asphalt_5D.pol
111  32.36648306 -064.68639441
111  32.36647848 -064.68645410
111  32.36637994 -064.68647581
111  32.36570619 -064.68639170
113  32.36568785 -064.68629674
110 1 0.25 355.0000 asphalt_5D.pol
111  32.36662515 -064.68680138
111  32.36662056 -064.68688549
111  32.36586889 -064.68680210
111  32.36578869 -064.68685836
111  32.36577264 -064.68677697
113  32.36587577 -064.68670100
110 1 0.25 120.0000 asphalt_2D.pol
111  32.36430696 -064.67266021
111  32.36452596 -064.67393802
111  32.36326636 -064.67173380
112  32.36326636 -064.67173380  32.36321612 -064.67168444
111  32.36314340 -064.67173976
111  32.36306212 -064.67129556
111  32.36311874 -064.67083450
111  32.36315447 -064.67107998
111  32.36405132 -064.67267919
114  32.36405132 -064.67267919  32.36419767 -064.67284022
110 1 0.25 0.0000 asphalt_4D.pol
111  32.36411356 -064.70330859
111  32.36409123 -064.70337025
111  32.36404052 -064.70334436
113  32.36406190 -064.70328423
110 1 0.25 0.0000 asphalt_4D.pol
111  32.36430986 -064.70277101
111  32.36428753 -064.70283268
111  32.36423683 -064.70280679
113  32.36425820 -064.70274665
110 1 0.25 0.0000 asphalt_4D.pol
111  32.36450617 -064.70223109
111  32.36448384 -064.70229275
111  32.36443313 -064.70226686
113  32.36445450 -064.70220673
110 1 0.25 0.0000 asphalt_4D.pol
111  32.36469395 -064.70169939
111  32.36467162 -064.70176105
111  32.36462092 -064.70173516
113  32.36464229 -064.70167503
110 1 0.25 0.0000 asphalt_4D.pol
111  32.36489100 -064.70116782
111  32.36486867 -064.70122948
111  32.36481796 -064.70120359
113  32.36483933 -064.70114345
110 1 0.25 0.0000 asphalt_4D.pol
111  32.36508056 -064.70062673
111  32.36505822 -064.70068839
111  32.36500752 -064.70066250
113  32.36502889 -064.70060237
110 1 0.25 68.0000 asphalt_4D.pol
111  32.36531934 -064.70037938
111  32.36541255 -064.70042647
111  32.36508743 -064.70138486
111  32.36542750 -064.70155485
111  32.36518534 -064.70256919
111  32.36480463 -064.70360909
111  32.36471645 -064.70366517
111  32.36469084 -064.70372860
111  32.36428093 -064.70352946
111  32.36419693 -064.70376471
113  32.36414167 -064.70373368
110 1 0.25 68.0000 asphalt_1D.pol
111  32.36435493 -064.70437474
111  32.36375387 -064.70405365
111  32.36393948 -064.70353250
111  32.36353775 -064.70332237
111  32.36380428 -064.70258335
111  32.36392044 -064.70226129
111  32.36396462 -064.70214055
111  32.36452166 -064.70059429
111  32.36471088 -064.70005942
111  32.36531934 -064.70037938
111  32.36414167 -064.70373368
111  32.36419693 -064.70376471
111  32.36409528 -064.70401843
111  32.36409236 -064.70408862
111  32.36411961 -064.70415254
111  32.36417354 -064.70420019
111  32.36438083 -064.70430158
111  32.36443313 -064.70429973
111  32.36447670 -064.70425896
111  32.36469084 -064.70372860
111  32.36471645 -064.70366517
111  32.36480463 -064.70360909
113  32.36447245 -064.70444456
111  32.36505822 -064.70068839
111  32.36508056 -064.70062673
111  32.36502889 -064.70060237
113  32.36500752 -064.70066250
111  32.36445450 -064.70220673
111  32.36443313 -064.70226686
111  32.36448384 -064.70229275
113  32.36450617 -064.70223109
111  32.36464229 -064.70167503
111  32.36462092 -064.70173516
111  32.36467162 -064.70176105
113  32.36469395 -064.70169939
111  32.36483933 -064.70114345
111  32.36481796 -064.70120359
111  32.36486867 -064.70122948
113  32.36489100 -064.70116782
111  32.36425820 -064.70274665
111  32.36423683 -064.70280679
111  32.36428753 -064.70283268
113  32.36430986 -064.70277101
111  32.36406190 -064.70328423
111  32.36404052 -064.70334436
111  32.36409123 -064.70337025
113  32.36411356 -064.70330859
110 1 0.25 0.0000 asphalt_1D.pol
111  32.36464863 -064.69998373
111  32.36439627 -064.69967689
111  32.36423125 -064.69950333
111  32.36459055 -064.69922650
112  32.36451325 -064.69969627  32.36458797 -064.69990675
113  32.36451325 -064.69969627
110 1 0.25 30.0000 asphalt_5D.pol
111  32.36423125 -064.69950333
111  32.36402949 -064.69929113
111  32.36392256 -064.69917866
112  32.36392256 -064.69917866  32.36384878 -064.69912105
111  32.36380085 -064.69897816
111  32.36384371 -064.69885648
112  32.36411903 -064.69902823  32.36431230 -064.69893272
111  32.36411903 -064.69902823
111  32.36650200 -064.69725838
111  32.36685989 -064.69633678
111  32.36686717 -064.69633429
111  32.36690196 -064.69653556
111  32.36729923 -064.69643697
111  32.36715198 -064.69557871
112  32.36753361 -064.69560086  32.36772803 -064.69552044
111  32.36753361 -064.69560086
111  32.36785473 -064.69479620
112  32.36777367 -064.69462271  32.36763547 -064.69458943
111  32.36777367 -064.69462271
111  32.36711272 -064.69458949
112  32.36711272 -064.69458949  32.36703776 -064.69458395
111  32.36701143 -064.69475190
111  32.36694748 -064.69437730
112  32.36708778 -064.69446400  32.36715379 -064.69446904
111  32.36708778 -064.69446400
111  32.36796834 -064.69443031
111  32.36812016 -064.69442364
111  32.36688496 -064.69759205
113  32.36459055 -064.69922650
130 Airport Boundary
111  32.35861789 -064.66521168
111  32.35952027 -064.66465125
111  32.35859734 -064.65909907
111  32.36130299 -064.65835576
111  32.36396757 -064.66643595
111  32.36415944 -064.66655091
111  32.36459722 -064.66714920
111  32.36485806 -064.66746123
111  32.36578672 -064.66882285
111  32.36607867 -064.66972019
111  32.36557100 -064.66984042
111  32.36554772 -064.67053560
111  32.36541280 -064.67133419
111  32.36501269 -064.67384281
111  32.36550674 -064.67679289
111  32.36741489 -064.67690604
111  32.36741960 -064.67756694
111  32.36628998 -064.67878160
111  32.36593929 -064.67895798
111  32.36648285 -064.68191713
111  32.36689742 -064.68180840
111  32.36786371 -064.68183109
111  32.36825141 -064.68442002
111  32.36929629 -064.68452584
111  32.36969629 -064.68690582
111  32.36907382 -064.68748659
111  32.36864948 -064.68763135
111  32.36868014 -064.68850542
111  32.36936355 -064.68978074
111  32.36903831 -064.69381580
111  32.36774220 -064.69557082
111  32.36600264 -064.69978939
111  32.36584236 -064.70017282
111  32.36566541 -064.70070762
111  32.36519825 -064.70261181
111  32.36476273 -064.70379034
111  32.36406442 -064.70552308
111  32.36378333 -064.70624459
111  32.36352476 -064.70653077
111  32.36320599 -064.70663669
111  32.36243807 -064.70672196
111  32.36208134 -064.70671078
111  32.36151011 -064.70647130
111  32.36049323 -064.70597321
111  32.35978031 -064.70539297
111  32.35959281 -064.70507603
111  32.35942024 -064.70502616
111  32.35876647 -064.70329491
111  32.35862826 -064.70274410
111  32.36026341 -064.69902386
111  32.36111089 -064.69808215
111  32.36169205 -064.69858478
111  32.36131749 -064.69919865
111  32.36204196 -064.69962769
111  32.36263650 -064.69872145
111  32.36309247 -064.69740036
111  32.36349165 -064.69625446
111  32.36399682 -064.69521078
111  32.36458802 -064.69324290
111  32.36474318 -064.69141652
111  32.36451749 -064.69026985
111  32.36421187 -064.68961859
111  32.36354233 -064.68813814
111  32.36233074 -064.68702981
111  32.36066303 -064.68686327
111  32.36017597 -064.68715927
111  32.35419206 -064.68612509
111  32.35461169 -064.68441870
111  32.35754180 -064.68464567
111  32.36247686 -064.68488657
111  32.36335873 -064.68321909
111  32.36369202 -064.68052902
111  32.36249382 -064.67320033
111  32.36181856 -064.67087580
111  32.36079792 -064.66872357
113  32.36008565 -064.66802094
120 TL
111  32.36163406 -064.66465147 51
111  32.36152474 -064.66401677 51
116  32.36185882 -064.66336993  32.36224992 -064.66324427
120 TL
111  32.36298114 -064.67247822 51
111  32.36287168 -064.67184182 51
116  32.36293525 -064.67102655  32.36303026 -064.67060107
120 TL
111  32.36380811 -064.67728609 51
111  32.36391758 -064.67792250 51
116  32.36437193 -064.67826851  32.36476095 -064.67826589
120 TL
111  32.36602446 -064.69028540 51
111  32.36613392 -064.69092181 51
116  32.36605694 -064.69202764  32.36590443 -064.69262348
120 RM
111  32.36396896 -064.70214125 70
111  32.36311935 -064.70248527 70
115  32.36257284 -064.70246409
120 RM
111  32.36098409 -064.70185562 70
111  32.36200234 -064.70250343 70
111  32.36308202 -064.70261140 70
115  32.36393879 -064.70225152
120 RM
111  32.36101492 -064.70182510 22
111  32.36201566 -064.70247072 22
111  32.36310158 -064.70254307 22
115  32.36398879 -064.70218557
120 RM
111  32.36101475 -064.70178792 70
111  32.36200869 -064.70242648 70
112  32.36218996 -064.70237991  32.36225400 -064.70226958
111  32.36218996 -064.70237991 70
111  32.36252545 -064.70239083 70
111  32.36258494 -064.70242995 70
115  32.36257284 -064.70246409
120 TL
111  32.35972599 -064.70431453 60
111  32.35972172 -064.70432469 60
115  32.35971744 -064.70433483
120 TL
111  32.35976352 -064.70433747 60
111  32.35975924 -064.70434762 60
115  32.35975497 -064.70435776
120 TL
111  32.35981302 -064.70436801 60
111  32.35980874 -064.70437816 60
115  32.35980447 -064.70438830
120 TL
111  32.35973876 -064.70432247 60
111  32.35973449 -064.70433262 60
115  32.35973021 -064.70434277
120 TL
111  32.35988414 -064.70384531 60
111  32.35987986 -064.70385546 60
115  32.35987558 -064.70386560
120 TL
111  32.35992166 -064.70386824 60
111  32.35991738 -064.70387839 60
115  32.35991311 -064.70388854
120 TL
111  32.35997116 -064.70389878 60
111  32.35996688 -064.70390893 60
115  32.35996261 -064.70391908
120 TL
111  32.35989690 -064.70385324 60
111  32.35989263 -064.70386339 60
115  32.35988835 -064.70387354
120 TL
111  32.35990118 -064.70298442 60
111  32.35989691 -064.70299457 60
115  32.35989263 -064.70300472
120 TL
111  32.35993871 -064.70300735 60
111  32.35993443 -064.70301751 60
115  32.35993016 -064.70302765
120 TL
111  32.35998821 -064.70303790 60
111  32.35998393 -064.70304805 60
115  32.35997965 -064.70305819
120 TL
111  32.35991395 -064.70299236 60
111  32.35990967 -064.70300251 60
115  32.35990540 -064.70301265
120 TL
111  32.36017179 -064.70235650 60
111  32.36016752 -064.70236665 60
115  32.36016324 -064.70237680
120 TL
111  32.36020932 -064.70237943 60
111  32.36020504 -064.70238959 60
115  32.36020077 -064.70239973
120 TL
111  32.36025882 -064.70240998 60
111  32.36025454 -064.70242013 60
115  32.36025026 -064.70243027
120 TL
111  32.36018456 -064.70236444 60
111  32.36018028 -064.70237459 60
115  32.36017601 -064.70238473
120 TL
111  32.36043376 -064.70176945 60
111  32.36042948 -064.70177960 60
115  32.36042521 -064.70178974
120 TL
111  32.36047128 -064.70179238 60
111  32.36046700 -064.70180253 60
115  32.36046273 -064.70181268
120 TL
111  32.36052078 -064.70182292 60
111  32.36051650 -064.70183307 60
115  32.36051223 -064.70184322
120 TL
111  32.36044653 -064.70177738 60
111  32.36044225 -064.70178753 60
115  32.36043798 -064.70179768
120 TL
111  32.36069332 -064.70118245 60
111  32.36068904 -064.70119261 60
115  32.36068477 -064.70120275
120 TL
111  32.36073084 -064.70120539 60
111  32.36072656 -064.70121554 60
115  32.36072229 -064.70122568
120 TL
111  32.36078034 -064.70123593 60
111  32.36077606 -064.70124608 60
115  32.36077179 -064.70125622
120 TL
111  32.36070609 -064.70119039 60
111  32.36070181 -064.70120054 60
115  32.36069754 -064.70121068
120 TL
111  32.36094388 -064.70060043 60
111  32.36093961 -064.70061058 60
115  32.36093533 -064.70062073
120 TL
111  32.36098141 -064.70062336 60
111  32.36097713 -064.70063352 60
115  32.36097286 -064.70064366
120 TL
111  32.36103091 -064.70065391 60
111  32.36102663 -064.70066406 60
115  32.36102236 -064.70067420
120 TL
111  32.36095665 -064.70060836 60
111  32.36095238 -064.70061852 60
115  32.36094810 -064.70062866
120 TL
111  32.36122261 -064.69997439 60
111  32.36121833 -064.69998455 60
115  32.36121405 -064.69999469
120 TL
111  32.36126013 -064.69999733 60
111  32.36125585 -064.70000748 60
115  32.36125158 -064.70001763
120 TL
111  32.36123537 -064.69998233 60
111  32.36123110 -064.69999248 60
115  32.36122682 -064.70000263
120 TB
111  32.36252361 -064.70144527 53 102
111  32.36271907 -064.70089385 53 102
112  32.36258052 -064.70073723  32.36248810 -064.70069006
111  32.36258052 -064.70073723
112  32.36258052 -064.70073723  32.36249077 -064.70069290 53 102
111  32.36238665 -064.70076231 53 102
111  32.36212079 -064.70091912 53 102
111  32.36200665 -064.70119666 53 102
111  32.36210193 -064.70138721 53 102
113  32.36226732 -064.70147015 53 102
120 TB
111  32.36269685 -064.70209796 53
111  32.36235114 -064.70191858 53 102
111  32.36189956 -064.70168426 53 102
111  32.36172462 -064.70166850 53 102
111  32.36166236 -064.70169460 53 102
111  32.36151467 -064.70189635 53
111  32.36137996 -064.70212012 53
111  32.36116451 -064.70260135 53 102
111  32.36098215 -064.70320270
112  32.36098215 -064.70320270  32.36106248 -064.70352080 53 102
111  32.36095886 -064.70375161 53 102
111  32.36081616 -064.70406971 53 102
111  32.36081299 -064.70445102 53 102
111  32.36037220 -064.70541351 53
115  32.35996972 -064.70516432
120 TL
111  32.36007846 -064.70454395 60
111  32.36007479 -064.70454169
111  32.36004697 -064.70452458 60
111  32.35980874 -064.70437816 60
111  32.35975924 -064.70434762 60
111  32.35973449 -064.70433262 60
115  32.35972172 -064.70432469
120 TL
111  32.36027735 -064.70410023 60
111  32.36027017 -064.70409582
111  32.36024159 -064.70407824 60
111  32.35996688 -064.70390893 60
111  32.35991738 -064.70387839 60
111  32.35989263 -064.70386339 60
115  32.35987986 -064.70385546
120 TL
111  32.36048032 -064.70335273 60
111  32.36040077 -064.70330381
111  32.36037315 -064.70328682 60
111  32.35998393 -064.70304805 60
111  32.35993443 -064.70301751 60
111  32.35990967 -064.70300251 60
115  32.35989691 -064.70299457
120 TL
111  32.36071882 -064.70270588 60
111  32.36066835 -064.70267484
111  32.36063856 -064.70265652 60
111  32.36025454 -064.70242013 60
111  32.36020504 -064.70238959 60
111  32.36018028 -064.70237459 60
115  32.36016752 -064.70236665
120 TL
111  32.36096921 -064.70211170 60
111  32.36092307 -064.70208322
111  32.36089394 -064.70206540 60
111  32.36051650 -064.70183307 60
111  32.36046700 -064.70180253 60
111  32.36044225 -064.70178753 60
115  32.36042948 -064.70177960
120 TL
111  32.36124780 -064.70153633 60
111  32.36118899 -064.70150016
111  32.36115998 -064.70148232 60
111  32.36077606 -064.70124608 60
111  32.36072656 -064.70121554 60
111  32.36070181 -064.70120054 60
115  32.36068904 -064.70119261
120 TL
111  32.36154210 -064.70098092 60
111  32.36145234 -064.70092577
111  32.36142430 -064.70090854 60
111  32.36102663 -064.70066406 60
111  32.36097713 -064.70063352 60
111  32.36095238 -064.70061852 60
115  32.36093961 -064.70061058
120 TL
111  32.36206948 -064.70050116 51
111  32.36193158 -064.70041749 60
111  32.36174070 -064.70030168
111  32.36171220 -064.70028438 60
111  32.36125585 -064.70000748 60
111  32.36123110 -064.69999248 60
115  32.36121833 -064.69998455
120 RM
111  32.35985093 -064.70344412 20
115  32.35975025 -064.70344485
120 RM
111  32.35985186 -064.70350994 20
115  32.35975118 -064.70351067
120 RM
111  32.35975206 -064.70357354 20
111  32.35985341 -064.70357467 20
111  32.35985001 -064.70337939 20
115  32.35974912 -064.70337954
120 RM
111  32.36117808 -064.69976637 1
111  32.35978116 -064.70285607 1
111  32.35974172 -064.70294689 1
111  32.35975216 -064.70361652 1
111  32.35989160 -064.70370154 1
111  32.35987625 -064.70373416 1
111  32.35975152 -064.70365929 1
111  32.35972652 -064.70397636 1
111  32.35955684 -064.70436777 1
111  32.35953582 -064.70435383 1
111  32.35970372 -064.70397111 1
111  32.35972731 -064.70365906 1
111  32.35972132 -064.70294843 1
115  32.36115662 -064.69975297
120 RM
111  32.36032370 -064.70215608 20
115  32.36034915 -064.70210176
120 RM
111  32.36034047 -064.70198307 20
115  32.36029131 -064.70195075
120 RM
111  32.36027455 -064.70212376 20
115  32.36022565 -064.70209149
120 RM
111  32.36028741 -064.70209630 20
115  32.36023851 -064.70206405
120 RM
111  32.36030000 -064.70206944 20
115  32.36025104 -064.70203716
120 RM
111  32.36031369 -064.70204023 20
115  32.36026466 -064.70200793
120 RM
111  32.36032751 -064.70201107 20
115  32.36027831 -064.70197864
120 RM
111  32.36030582 -064.70191963 20
111  32.36035501 -064.70195203 20
111  32.36034047 -064.70198307 20
111  32.36032739 -064.70201099 20
111  32.36031369 -064.70204023 20
111  32.36030000 -064.70206944 20
111  32.36028741 -064.70209630 20
111  32.36027455 -064.70212376 20
111  32.36026124 -064.70215216 20
111  32.36021240 -064.70211989 20
111  32.36022565 -064.70209149 20
111  32.36023851 -064.70206405 20
111  32.36025104 -064.70203716 20
111  32.36026466 -064.70200793 20
111  32.36027831 -064.70197864 20
113  32.36029131 -064.70195075 20
120 RM
111  32.36032370 -064.70215608 20
115  32.36027455 -064.70212376
120 RM
111  32.36033657 -064.70212863 20
115  32.36028741 -064.70209630
120 RM
111  32.36034915 -064.70210176 20
115  32.36030000 -064.70206944
120 RM
111  32.36051690 -064.70158744 20
115  32.36046800 -064.70155517
120 RM
111  32.36052976 -064.70155999 20
115  32.36048086 -064.70152773
120 RM
111  32.36054235 -064.70153313 20
115  32.36049339 -064.70150085
120 RM
111  32.36055604 -064.70150391 20
115  32.36050701 -064.70147161
120 RM
111  32.36056986 -064.70147475 20
115  32.36052066 -064.70144233
120 RM
111  32.36056974 -064.70147467 20
111  32.36055604 -064.70150391 20
111  32.36054235 -064.70153313 20
111  32.36052976 -064.70155999 20
111  32.36051690 -064.70158744 20
111  32.36050359 -064.70161584 20
111  32.36045475 -064.70158358 20
111  32.36046800 -064.70155517 20
111  32.36048086 -064.70152773 20
111  32.36049339 -064.70150085 20
111  32.36050701 -064.70147161 20
113  32.36052066 -064.70144233 20
120 RM
111  32.36084857 -064.70085339 20
115  32.36079942 -064.70082106
120 RM
111  32.36078266 -064.70099407 20
115  32.36073375 -064.70096180
120 RM
111  32.36079552 -064.70096662 20
115  32.36074662 -064.70093436
120 RM
111  32.36080810 -064.70093976 20
115  32.36075915 -064.70090748
120 RM
111  32.36082179 -064.70091054 20
115  32.36077277 -064.70087824
120 RM
111  32.36083562 -064.70088138 20
115  32.36078642 -064.70084896
120 RM
111  32.36081393 -064.70078994 20
111  32.36086312 -064.70082235 20
111  32.36084857 -064.70085339 20
111  32.36083550 -064.70088130 20
111  32.36082179 -064.70091054 20
111  32.36080810 -064.70093976 20
111  32.36079552 -064.70096662 20
111  32.36078266 -064.70099407 20
111  32.36076935 -064.70102247 20
111  32.36072051 -064.70099020 20
111  32.36073375 -064.70096180 20
111  32.36074662 -064.70093436 20
111  32.36075915 -064.70090748 20
111  32.36077277 -064.70087824 20
111  32.36078642 -064.70084896 20
113  32.36079942 -064.70082106 20
120 RM
111  32.36112194 -064.70025375 20
115  32.36107278 -064.70022143
120 RM
111  32.36105602 -064.70039443 20
115  32.36100712 -064.70036217
120 RM
111  32.36106888 -064.70036698 20
115  32.36101998 -064.70033473
120 RM
111  32.36108147 -064.70034012 20
115  32.36103251 -064.70030784
120 RM
111  32.36109516 -064.70031090 20
115  32.36104613 -064.70027861
120 RM
111  32.36110898 -064.70028174 20
115  32.36105978 -064.70024932
120 RM
111  32.36108729 -064.70019030 20
111  32.36113648 -064.70022271 20
111  32.36112194 -064.70025375 20
111  32.36110886 -064.70028166 20
111  32.36109516 -064.70031090 20
111  32.36108147 -064.70034012 20
111  32.36106888 -064.70036698 20
111  32.36105602 -064.70039443 20
111  32.36104271 -064.70042284 20
111  32.36099387 -064.70039057 20
111  32.36100712 -064.70036217 20
111  32.36101998 -064.70033473 20
111  32.36103251 -064.70030784 20
111  32.36104613 -064.70027861 20
111  32.36105978 -064.70024932 20
113  32.36107278 -064.70022143 20
120 RM
111  32.36103646 -064.70052573 20
111  32.36102539 -064.70049898 20
111  32.36107705 -064.70046929 20
115  32.36108814 -064.70049715
120 RM
111  32.36077754 -064.70110309 20
111  32.36076647 -064.70107634 20
111  32.36081813 -064.70104665 20
115  32.36082921 -064.70107451
120 RM
111  32.36051703 -064.70168572 20
111  32.36050597 -064.70165897 20
111  32.36055762 -064.70162927 20
115  32.36056871 -064.70165714
120 RM
111  32.36018770 -064.70270799 20
111  32.36015291 -064.70271372 20
111  32.36012966 -064.70248549 20
115  32.36016224 -064.70248069
120 RM
111  32.36044471 -064.70211915 20
111  32.36040991 -064.70212488 20
111  32.36038667 -064.70189665 20
115  32.36041925 -064.70189185
120 RM
111  32.36071099 -064.70153312 20
111  32.36067620 -064.70153886 20
111  32.36065295 -064.70131062 20
115  32.36068554 -064.70130583
120 RM
111  32.36096580 -064.70095882 20
111  32.36093100 -064.70096455 20
111  32.36090776 -064.70073632 20
115  32.36094034 -064.70073152
120 RM
111  32.36152379 -064.70050880 74
111  32.36125499 -064.70033590 74
111  32.36122944 -064.70010751 74
111  32.36121196 -064.70009477 74
111  32.36122872 -064.70005028 74
111  32.36110374 -064.69996757 74
111  32.36114312 -064.69987584 74
111  32.36126564 -064.69995279 74
111  32.36128716 -064.69990534 74
111  32.36130600 -064.69991637 74
111  32.36149570 -064.69981140 74
115  32.36176220 -064.69997478
120 RM
111  32.36123628 -064.70113086 74
111  32.36096748 -064.70095796 74
111  32.36094192 -064.70072958 74
111  32.36092444 -064.70071683 74
111  32.36094121 -064.70067234 74
111  32.36081623 -064.70058964 74
111  32.36085560 -064.70049791 74
111  32.36097813 -064.70057485 74
111  32.36099964 -064.70052741 74
111  32.36101849 -064.70053844 74
111  32.36120819 -064.70043346 74
115  32.36147469 -064.70059684
120 RM
111  32.36098168 -064.70170550 74
111  32.36071288 -064.70153260 74
111  32.36068733 -064.70130422 74
111  32.36066985 -064.70129148 74
111  32.36068661 -064.70124698 74
111  32.36056163 -064.70116428 74
111  32.36060100 -064.70107255 74
111  32.36072353 -064.70114950 74
111  32.36074504 -064.70110205 74
111  32.36076389 -064.70111308 74
111  32.36095359 -064.70100810 74
115  32.36122009 -064.70117148
120 RM
111  32.36071518 -064.70229140 74
111  32.36044638 -064.70211851 74
111  32.36042083 -064.70189012 74
111  32.36040335 -064.70187738 74
111  32.36042011 -064.70183289 74
111  32.36029514 -064.70175018 74
111  32.36033451 -064.70165845 74
111  32.36045703 -064.70173540 74
111  32.36047855 -064.70168795 74
111  32.36049740 -064.70169898 74
111  32.36068710 -064.70159401 74
115  32.36095359 -064.70175739
120 RM
111  32.36045821 -064.70288012 74
111  32.36018940 -064.70270723 74
111  32.36016385 -064.70247885 74
111  32.36014637 -064.70246610 74
111  32.36016313 -064.70242161 74
111  32.36003816 -064.70233891 74
111  32.36007753 -064.70224718 74
111  32.36020006 -064.70232413 74
111  32.36022157 -064.70227668 74
111  32.36024042 -064.70228771 74
111  32.36043012 -064.70218273 74
115  32.36069661 -064.70234611
120 RM
111  32.36041449 -064.70298028 74
115  32.36014706 -064.70280960
120 RM
111  32.36043443 -064.70367525 74
115  32.35990537 -064.70333755
120 RM
111  32.36016694 -064.70353498 74
115  32.36031022 -064.70402358
120 RM
111  32.36043974 -064.70370905 74
111  32.36016694 -064.70353498 74
111  32.35990886 -064.70337029 74
111  32.35990537 -064.70333755 74
111  32.35988104 -064.70310878 74
111  32.35985811 -064.70309510 74
111  32.35988021 -064.70304056 74
111  32.35974489 -064.70294591 74
111  32.35978234 -064.70285912 74
111  32.35992020 -064.70295062 74
111  32.35994296 -064.70290223 74
111  32.35996768 -064.70291464 74
111  32.36014706 -064.70280960 74
111  32.36016882 -064.70279686 74
115  32.36042367 -064.70296005
120 RM
111  32.35970393 -064.70408656 20
115  32.35974919 -064.70411287
120 RM
111  32.35969113 -064.70411689 20
115  32.35973558 -064.70414270
120 RM
111  32.35966177 -064.70418645 20
115  32.35973217 -064.70422731
120 RM'
111  32.35967722 -064.70414985 20
111  32.35974803 -064.70419097 20
111  32.35973217 -064.70422731 20
115  32.35971661 -064.70426295
120 RM
111  32.35965972 -064.70423132 20
111  32.35964645 -064.70422275 20
111  32.35966177 -064.70418645 20
111  32.35967722 -064.70414985 20
111  32.35969113 -064.70411689 20
111  32.35970393 -064.70408656 20
111  32.35971831 -064.70405249 20
111  32.35976314 -064.70407936 20
111  32.35974870 -064.70411253 20
111  32.35973558 -064.70414270 20
115  32.35969017 -064.70424708
120 RM
111  32.36029307 -064.70388770 74
111  32.35998946 -064.70369713 74
111  32.35992784 -064.70383486 74
111  32.35983352 -064.70377811 74
111  32.35979892 -064.70385641 74
111  32.35989189 -064.70391537 74
111  32.35983102 -064.70405753 74
115  32.36016618 -064.70426935
120 RM
111  32.36012094 -064.70434164 74
111  32.35981734 -064.70415108 74
111  32.35975572 -064.70428880 74
111  32.35966140 -064.70423206 74
111  32.35962680 -064.70431035 74
111  32.35971977 -064.70436931 74
111  32.35965890 -064.70451147 74
115  32.35999405 -064.70472330
120 RH
111  32.36132234 -064.66787048 4
111  32.36132948 -064.66760867
111  32.36067092 -064.66385605 4
115  32.36052300 -064.66306189
120 RH
111  32.36447895 -064.68662343 4
115  32.36449828 -064.68624733
120 RH
111  32.36224459 -064.66318186 4
111  32.36225772 -064.66350892
111  32.36350541 -064.66900697 4
111  32.36361278 -064.66964650
111  32.36479371 -064.67805551 4
111  32.36483208 -064.67828510
111  32.36626073 -064.68648308 4
111  32.36624597 -064.68671903
111  32.36675699 -064.68943033 4
115  32.36712006 -064.68961980
120 RH
111  32.36588100 -064.69422052 4
111  32.36581763 -064.69387423
111  32.36578920 -064.69333237 4
115  32.36544670 -064.69315267
120 TH
111  32.36210944 -064.70178686 52
111  32.36222968 -064.70144994
111  32.36252053 -064.70072249 52
111  32.36252014 -064.70047233 52
115  32.36241598 -064.70026563
120 TL
111  32.36757156 -064.68773658 51 101
111  32.36716649 -064.68888417 51 101
111  32.36712353 -064.68900589 57 101
111  32.36694157 -064.68952159 101
111  32.36693851 -064.68953025 51 101
111  32.36664888 -064.69035061 51 101
111  32.36638547 -064.69109688 51
111  32.36605694 -064.69202764 51 101
111  32.36562807 -064.69324297 101
111  32.36562515 -064.69325123 57 101
111  32.36549305 -064.69362519 57 101
111  32.36545792 -064.69372474 51 101
111  32.36518162 -064.69450750 51 101
111  32.36364658 -064.69885644 51 101
111  32.36349812 -064.69927703 51 101
111  32.36339077 -064.69957911 51 101
111  32.36288072 -064.70102480 51 101
115  32.36272438 -064.70145053
120 TL
111  32.36505718 -064.67812035 57 105
111  32.36481715 -064.67817233
111  32.36480952 -064.67817398 51 101
115  32.36437193 -064.67826851
120 TL
111  32.36529096 -064.67777706 51 101
112  32.36523517 -064.67795853  32.36518110 -064.67806129 57 105
111  32.36505718 -064.67812035 57 105
112  32.36526295 -064.67817975  32.36533694 -064.67822860 51 101
115  32.36538496 -064.67832440
120 TL
111  32.36363541 -064.66923055 57 105
111  32.36355339 -064.66927056
111  32.36354644 -064.66927574 51 101
111  32.36348892 -064.66933323 51 101
111  32.36293525 -064.67102655
112  32.36293525 -064.67102655  32.36283542 -064.67149271
111  32.36287168 -064.67184182
115  32.36298114 -064.67247822
120 TL
111  32.36377687 -064.66896089 57 105
112  32.36363541 -064.66923055  32.36349443 -064.66933541
111  32.36363541 -064.66923055
112  32.36363541 -064.66923055  32.36378678 -064.66921290 57 105
115  32.36384655 -064.66936662
120 TL
111  32.36716649 -064.68888417 51 101
111  32.36716996 -064.68871796 51 101
111  32.36689322 -064.68710655 51 101
111  32.36686270 -064.68692884 51 101
111  32.36677631 -064.68642584 51 101
111  32.36672585 -064.68613204 51 101
111  32.36538496 -064.67832440 51 101
111  32.36529096 -064.67777706 51 101
111  32.36403532 -064.67046575 51 101
111  32.36389883 -064.66967103 51 101
111  32.36384655 -064.66936662 51 101
111  32.36377687 -064.66896089 51 101
111  32.36368922 -064.66845051 51 101
111  32.36355545 -064.66767161 51 101
111  32.36311998 -064.66513462 51 101
111  32.36260371 -064.66356375
112  32.36260371 -064.66356375  32.36249164 -064.66330252 57 105
112  32.36225279 -064.66329095  32.36222214 -064.66329101
111  32.36225279 -064.66329095
112  32.36225279 -064.66329095  32.36225029 -064.66329095
111  32.36224509 -064.66329102 51 101
111  32.36219616 -064.66329103 51 101
111  32.36185882 -064.66336993
112  32.36185882 -064.66336993  32.36146907 -064.66348852
111  32.36152474 -064.66401677
115  32.36163406 -064.66465147
120 TL
111  32.36686270 -064.68692884 51 101
112  32.36668649 -064.68668669  32.36658559 -064.68661471
111  32.36668649 -064.68668669
112  32.36668649 -064.68668669  32.36665157 -064.68666372 57 105
115  32.36659298 -064.68663459
120 TL
111  32.36672585 -064.68613204 51 101
112  32.36664429 -064.68643966  32.36655891 -064.68658285 57 105
115  32.36640024 -064.68661661
120 TL
111  32.36714463 -064.68668604 51
111  32.36703663 -064.68667597 51 101
111  32.36670852 -064.68664536 57 105
111  32.36659298 -064.68663459 57 105
111  32.36640024 -064.68661661 57 105
111  32.36625702 -064.68660336
111  32.36624930 -064.68660264 51 101
111  32.36588673 -064.68656871 51 101
111  32.36561098 -064.68654299
111  32.36508841 -064.68649424 51
111  32.36495281 -064.68648159 51
111  32.36449224 -064.68643872
111  32.36448466 -064.68643801 57
111  32.36403567 -064.68639604 51
115  32.36227740 -064.68623203
120 TL
111  32.36646230 -064.69283095 51
111  32.36657176 -064.69346735 51
112  32.36636607 -064.69394207  32.36612364 -064.69402952
111  32.36636607 -064.69394207 51 101
111  32.36585780 -064.69407102
111  32.36584990 -064.69407303 57
111  32.36584258 -064.69407488 57
111  32.36553714 -064.69415234 57
111  32.36543463 -064.69419286
112  32.36543463 -064.69419286  32.36528175 -064.69427918 51
115  32.36518162 -064.69450750
120 TL
111  32.36584258 -064.69407488 57
112  32.36556125 -064.69394550  32.36547412 -064.69380424 57
115  32.36549305 -064.69362519
120 TL
111  32.36664888 -064.69035061 51
112  32.36633960 -064.69055473  32.36612293 -064.69055227 51
111  32.36603436 -064.69022793 51
115  32.36592490 -064.68959153
120 TL
111  32.36418572 -064.67948257 51
111  32.36407626 -064.67884617 51
112  32.36437193 -064.67826851  32.36472308 -064.67811356
111  32.36437193 -064.67826851
112  32.36437193 -064.67826851  32.36398975 -064.67827905
111  32.36391758 -064.67792250
115  32.36380811 -064.67728609
120 TL
111  32.36161642 -064.66465723
111  32.36150679 -064.66402217
112  32.36099627 -064.66362006  32.36056445 -064.66363127
111  32.36099627 -064.66362006
115  32.36032086 -064.66376861
120 TL
112  32.36175915 -064.66776119  32.36212791 -064.66766254
111  32.36206963 -064.66729458
115  32.36196016 -064.66665818
120 TL
111  32.36230466 -064.66866113
111  32.36219520 -064.66802473
112  32.36190304 -064.66776152  32.36170513 -064.66774161
111  32.36190304 -064.66776152
111  32.36175915 -064.66776119
115  32.36118016 -064.66775988
120 TL
111  32.36524594 -064.68564498 51
111  32.36535541 -064.68628139 51
116  32.36561098 -064.68654299  32.36581013 -064.68659969
120 TL
111  32.36517279 -064.68533661 51
111  32.36528226 -064.68597302 51
116  32.36495281 -064.68648159  32.36455956 -064.68656217
120 TL
111  32.36554056 -064.68747292 51
111  32.36543109 -064.68683652 51
116  32.36508841 -064.68649424  32.36481112 -064.68641665
120 TL
111  32.36557942 -064.68758313 51
111  32.36546995 -064.68694673 51
116  32.36588673 -064.68656871  32.36627242 -064.68652394
120 TL
112  32.36605694 -064.69202764  32.36620945 -064.69143180
111  32.36613392 -064.69092181
115  32.36602446 -064.69028540
120 TL
111  32.36689322 -064.68710655 51
116  32.36714463 -064.68668604  32.36740624 -064.68661766
120 TL
111  32.36677631 -064.68642584 51
116  32.36703663 -064.68667597  32.36723366 -064.68670378
120 TL
111  32.36150611 -064.70155638 51
116  32.36183483 -064.70141776  32.36205189 -064.70149425
120 TL
111  32.36796073 -064.68678707 51
112  32.36815842 -064.68643687  32.36836884 -064.68634068
111  32.36815842 -064.68643687
112  32.36815842 -064.68643687  32.36793550 -064.68644181 51
115  32.36786512 -064.68622956
120 TL
111  32.36863663 -064.68662061 51
112  32.36834946 -064.68638992  32.36813280 -064.68638992
111  32.36834946 -064.68638992
112  32.36834946 -064.68638992  32.36854946 -064.68630112 51
115  32.36853788 -064.68605198
120 TL
111  32.36794701 -064.68670705 51
112  32.36773816 -064.68654016  32.36757571 -064.68655720
111  32.36773816 -064.68654016
112  32.36773816 -064.68654016  32.36789018 -064.68647802 51
115  32.36787324 -064.68627689
120 TL
111  32.36788224 -064.68632938 51
112  32.36808291 -064.68599392  32.36829350 -064.68593664
111  32.36808291 -064.68599392 51
111  32.36825374 -064.68595379
112  32.36825374 -064.68595379  32.36847999 -064.68590830 51
115  32.36855936 -064.68617568
120 TL
111  32.36794238 -064.68668005 51
112  32.36826403 -064.68686833  32.36848459 -064.68682284
111  32.36826403 -064.68686833 51
111  32.36838136 -064.68683963
112  32.36838136 -064.68683963  32.36861472 -064.68677730 51
115  32.36861827 -064.68651490
120 TL
111  32.36714463 -064.68668604 51
111  32.36773816 -064.68654016 51
111  32.36815842 -064.68643687 51
115  32.36834946 -064.68638992
120 TL
111  32.36785100 -064.68738937 51
112  32.36800912 -064.68706921  32.36798012 -064.68681697
111  32.36800912 -064.68706921
112  32.36800912 -064.68706921  32.36809096 -064.68728802 51
115  32.36830242 -064.68728014
120 TL
111  32.36757156 -064.68773658 51
112  32.36785100 -064.68738937  32.36804121 -064.68733782
111  32.36785100 -064.68738937 51
111  32.36830242 -064.68728014 51
111  32.36847892 -064.68723743 51
112  32.36867684 -064.68685215  32.36863100 -064.68656357
111  32.36867684 -064.68685215 51
111  32.36863663 -064.68662061 51
111  32.36861827 -064.68651490 51
111  32.36855936 -064.68617568 51
111  32.36853788 -064.68605198 51
111  32.36849496 -064.68580485 51
112  32.36818100 -064.68554167  32.36794766 -064.68558114
111  32.36818100 -064.68554167 51
111  32.36800454 -064.68558780
112  32.36800454 -064.68558780  32.36777329 -064.68567906 51
111  32.36782579 -064.68600021 51
111  32.36786512 -064.68622956 51
111  32.36787324 -064.68627689 51
111  32.36788224 -064.68632938 51
111  32.36794238 -064.68668005 51
111  32.36794701 -064.68670705 51
111  32.36796073 -064.68678707 51
115  32.36800912 -064.68706921
120 TL
111  32.36221919 -064.70162625 51
111  32.36180063 -064.70140126 51
111  32.36173871 -064.70136810
112  32.36173871 -064.70136810  32.36164338 -064.70131585 51
115  32.36169062 -064.70114350
120 TL
111  32.36082222 -064.70308674 51
112  32.36071882 -064.70270588  32.36054022 -064.70255911
111  32.36071882 -064.70270588
112  32.36071882 -064.70270588  32.36094532 -064.70277148 51
111  32.36106384 -064.70254607 51
112  32.36096921 -064.70211170  32.36079482 -064.70192499
111  32.36096921 -064.70211170
112  32.36096921 -064.70211170  32.36119943 -064.70218386 51
111  32.36131599 -064.70198180 51
112  32.36124780 -064.70153633  32.36108186 -064.70135842
111  32.36124780 -064.70153633
112  32.36124780 -064.70153633  32.36146582 -064.70159690 51
115  32.36158520 -064.70137939
120 TL
111  32.36158520 -064.70137939 51
112  32.36154210 -064.70098092  32.36142675 -064.70078931
111  32.36154210 -064.70098092
112  32.36154210 -064.70098092  32.36169534 -064.70104411 51
115  32.36180995 -064.70096159
120 TL
111  32.36071578 -064.70378974 51
111  32.36062308 -064.70399389 51
115  32.36044190 -064.70439290
120 TL
111  32.36288072 -064.70102480 51
112  32.36274315 -064.70058918  32.36256440 -064.70043996 51
115  32.36236390 -064.70053838
120 TL
112  32.36221919 -064.70162625  32.36257349 -064.70180384 51
115  32.36272438 -064.70145053
120 TL
111  32.36071578 -064.70378974 51
112  32.36078121 -064.70352465  32.36076592 -064.70340659
111  32.36078121 -064.70352465 51
111  32.36077598 -064.70340769
112  32.36077598 -064.70340769  32.36076373 -064.70324789 51
115  32.36082222 -064.70308674
120 TL
111  32.36196246 -064.70083357 51
116  32.36193158 -064.70041749  32.36178523 -064.70025035
120 TL
111  32.36396128 -064.69939488 51
112  32.36362587 -064.69934922  32.36347436 -064.69940018 51
115  32.36339077 -064.69957911
120 TL
111  32.36457825 -064.70019541 51
112  32.36437895 -064.69983275  32.36423229 -064.69963198
111  32.36437895 -064.69983275 51
111  32.36396128 -064.69939488 51
111  32.36376628 -064.69919045
112  32.36376628 -064.69919045  32.36362420 -064.69903581 51
115  32.36364658 -064.69885644
120 TL
111  32.36349812 -064.69927703 51
112  32.36285535 -064.70017702  32.36251211 -064.70042607
111  32.36285535 -064.70017702 51
111  32.36236390 -064.70053838 51
111  32.36196246 -064.70083357 51
111  32.36180995 -064.70096159 51
111  32.36170736 -064.70110604 51
111  32.36169062 -064.70114350 51
111  32.36158520 -064.70137939 51
111  32.36150611 -064.70155638 51
111  32.36137851 -064.70184190 51
111  32.36131599 -064.70198180 51
111  32.36112911 -064.70240001 51
111  32.36106384 -064.70254607 51
111  32.36082222 -064.70308674 51
111  32.36076817 -064.70320770
112  32.36076817 -064.70320770  32.36067003 -064.70338299 51
115  32.36048032 -064.70335273
120 TL
111  32.36007846 -064.70454395 51
116  32.36044190 -064.70439290  32.36060857 -064.70414178
120 TL
111  32.36027735 -064.70410023 51
116  32.36062308 -064.70399389  32.36075992 -064.70379392
120 TL
111  32.36368922 -064.66845051 51
112  32.36392597 -064.66798284  32.36420263 -064.66785014
111  32.36392597 -064.66798284
112  32.36392597 -064.66798284  32.36362805 -064.66800997 51
115  32.36355545 -064.66767161
120 TL
111  32.36403532 -064.67046575 51
112  32.36427994 -064.66998324  32.36456348 -064.66980983
111  32.36427994 -064.66998324
112  32.36427994 -064.66998324  32.36397744 -064.66999951 51
115  32.36389883 -064.66967103
120 TL
111  32.36427994 -064.66998324 51
111  32.36443855 -064.66994712 51
112  32.36465303 -064.66955730  32.36460095 -064.66922679
111  32.36465303 -064.66955730 51
111  32.36442620 -064.66823924
112  32.36442620 -064.66823924  32.36435234 -064.66790290 51
111  32.36411203 -064.66794312 51
115  32.36392597 -064.66798284
120 TL
112  32.36206948 -064.70050116  32.36223852 -064.70058639 51
115  32.36236390 -064.70053838
120 TB
111  32.36523541 -064.68687246 53 102
112  32.36490385 -064.68665925  32.36468158 -064.68662589
111  32.36490385 -064.68665925 53 102
111  32.36447895 -064.68662343 53 102
111  32.36355228 -064.68654530 53
111  32.36145529 -064.68636850 53
111  32.36151619 -064.68525826 53
111  32.36359482 -064.68545051 53
111  32.36357452 -064.68617145 53 102
111  32.36449828 -064.68624733 53 102
111  32.36480095 -064.68627220
112  32.36480095 -064.68627220  32.36502008 -064.68625737 53 102
115  32.36507703 -064.68597062
120 TB
111  32.36647270 -064.69404909 53 102
111  32.36607024 -064.69414276 53 102
111  32.36588100 -064.69422052 53 102
115  32.36555491 -064.69435453
120 TB
111  32.36554906 -064.68625084 102
112  32.36570619 -064.68639170  32.36581166 -064.68641396
111  32.36570619 -064.68639170 102
111  32.36637994 -064.68647581
112  32.36637994 -064.68647581  32.36662412 -064.68652028 102
115  32.36662638 -064.68619303
120 TB
111  32.36106272 -064.66380389 53
111  32.36087835 -064.66381529 53
111  32.35994089 -064.66402938 53
111  32.35949800 -064.66314243 53
111  32.36007745 -064.66301135
112  32.36007745 -064.66301135  32.36039004 -064.66296957 53
111  32.36060892 -064.66309437 53
111  32.36095216 -064.66338274 53
115  32.36109172 -064.66335135
120 TB
111  32.36675882 -064.68696577 102
112  32.36662515 -064.68680138  32.36655055 -064.68678709
111  32.36662515 -064.68680138 102
111  32.36587577 -064.68670100 102
116  32.36567306 -064.68697475  32.36565171 -064.68720892
120 TB
111  32.36437616 -064.66984030 52
111  32.36441603 -064.67006580 53
111  32.36455946 -064.67004562 53
111  32.36465037 -064.67053667 53
111  32.36477159 -064.67047613 53
111  32.36506704 -064.67020482 53
111  32.36523939 -064.66941331 53
111  32.36499089 -064.66793773 53
111  32.36478653 -064.66751523 53
111  32.36430053 -064.66740801 53
111  32.36412628 -064.66754031 53
111  32.36400436 -064.66784036
111  32.36403032 -064.66783075 52
115  32.36407504 -064.66807744
120 RM
111  32.35993268 -064.70488199 70
111  32.36042617 -064.70376791 70
112  32.36044312 -064.70364466  32.36043782 -064.70355157
111  32.36044312 -064.70364466 70
111  32.36040290 -064.70318751 70
112  32.36043392 -064.70293768  32.36048111 -064.70284470
111  32.36043392 -064.70293768 70
111  32.36172117 -064.70008034
111  32.36177296 -064.70011368 70
111  32.36101475 -064.70178792
111  32.36098409 -064.70185562 70
111  32.36048846 -064.70295004
112  32.36048846 -064.70295004  32.36044142 -064.70305306 70
111  32.36045932 -064.70318507 70
111  32.36050052 -064.70364079
112  32.36050052 -064.70364079  32.36051062 -064.70375580 70
111  32.36047930 -064.70381253 70
111  32.36001269 -064.70486604
111  32.35998322 -064.70485067 22
111  32.36045076 -064.70379936 22
112  32.36047311 -064.70363735  32.36046811 -064.70352355
111  32.36047311 -064.70363735 22
111  32.36043114 -064.70318515 22
112  32.36046983 -064.70293262  32.36052573 -064.70283602
111  32.36046983 -064.70293262 22
115  32.36173552 -064.70011974
120 RM
111  32.36508057 -064.67038013 20
112  32.36521390 -064.67017788  32.36524603 -064.67007414
111  32.36521390 -064.67017788 20
111  32.36534724 -064.66953413
112  32.36534724 -064.66953413  32.36537286 -064.66940128 20
111  32.36535557 -064.66929981 20
111  32.36517421 -064.66828297 20
111  32.36481315 -064.66753031 20
112  32.36471924 -064.66745618  32.36465402 -064.66743846
111  32.36471924 -064.66745618 20
111  32.36403480 -064.66732141
111  32.36404272 -064.66724750 20
111  32.36471070 -064.66738037
112  32.36471070 -064.66738037  32.36483258 -064.66740822 20
111  32.36486865 -064.66749830 20
111  32.36520589 -064.66817552
112  32.36520589 -064.66817552  32.36522974 -064.66822573 20
111  32.36525991 -064.66835322 20
111  32.36542306 -064.66928617 20
112  32.36542076 -064.66953035  32.36539779 -064.66965274
111  32.36542076 -064.66953035 20
111  32.36527715 -064.67020299
112  32.36527715 -064.67020299  32.36523333 -064.67034218 20
111  32.36512421 -064.67044399
111  32.36510244 -064.67040837 22
112  32.36524679 -064.67018273  32.36528622 -064.67005392
111  32.36524679 -064.67018273 22
111  32.36537721 -064.66956677
112  32.36537721 -064.66956677  32.36541344 -064.66942137 22
111  32.36538981 -064.66929519 22
111  32.36522092 -064.66833123 22
111  32.36518503 -064.66821699 22
111  32.36486800 -064.66755827 22
112  32.36469658 -064.66741502  32.36458967 -064.66738464
111  32.36469658 -064.66741502 22
115  32.36404368 -064.66728669
21  32.36548822 -064.68963019 3 101.5000 3.40 12  PAPI-4L
21  32.36155091 -064.66661517 2 281.5200 3.00 30  PAPI-4L
20  32.36166397 -064.66695060 281.5100 0 4 {@B}8{@@,@B}1
20  32.36221119 -064.67013072 281.5100 0 4 {@B}7{@@,@B}2
20  32.36275822 -064.67331118 281.5100 0 4 {@B}6{@@,@B}3
20  32.36330456 -064.67649407 281.5100 0 4 {@B}5{@@,@B}4
20  32.36385018 -064.67967660 281.5100 0 4 {@B}4{@@,@B}5
20  32.36440140 -064.68285570 281.5100 0 4 {@B}3{@@,@B}6
20  32.36494768 -064.68603629 281.5100 0 4 {@B}2{@@,@B}7
20  32.36549331 -064.68921906 281.5100 0 4 {@B}1{@@,@B}8
20  32.36226773 -064.66369664 181.3600 0 3 {@R}30{@L}A
20  32.36222993 -064.66299396 175.2200 0 3 {@L}A{@R}30{@@,safety,@L}A
20  32.36364316 -064.66976710 191.5100 0 3 {@R}30-12{@L}C{@@}C{@Y,^l}A{^r}
20  32.36346301 -064.66876164 191.5100 0 3 {@L}C{@R}30-12{@@,safety,@L}C
20  32.36486201 -064.67847340 191.5100 0 3 {@R}30-12{@L}E
20  32.36477016 -064.67789033 191.5100 0 3 {@L}E{@R}30-12{@@,safety,@L}E
20  32.36623181 -064.68690004 173.6800 0 3 {@R}30-12{@L}F
20  32.36627568 -064.68630017 173.6800 0 3 {@L}F{@R}30-12{@@,safety,@L}F
20  32.36723354 -064.68966466 245.9500 0 3 {@R}30-12{@L}B{@@}B{@Y}A{^ru}
20  32.36663517 -064.68938185 245.9500 0 3 {@L}B{@R}30-12{@@,safety,@L}B
20  32.36451876 -064.68606868 355.6600 0 3 {@R}12-30{@L}F
20  32.36446912 -064.68680834 355.6600 0 3 {@L}F{@R}12-30{@@,safety,@L}F
20  32.36535101 -064.69310116 65.8000 0 3 {@R}12-30{@L}B
20  32.36590572 -064.69339496 65.8000 0 3 {@L}B{@R}12-30{@@,safety,@L}B
20  32.36579269 -064.69370933 11.8300 0 3 {@R}12{@L}G{@@}G{@Y,^ld}B{^ru}
20  32.36591633 -064.69439104 11.8300 0 3 {@L}G{@R}12{@@,safety,@L}G
20  32.36260462 -064.70084252 24.4300 0 3 {@Y,^ld}B{@L}T{@Y}B{^ru}
20  32.36335021 -064.69873956 157.1300 0 3 {@Y,^l}B{^r}
20  32.36220518 -064.70193955 335.4600 0 3 {@L}W{@Y}B{^r}
20  32.36254704 -064.70115216 246.8600 0 3 {@Y,^l}W{@L}B
20  32.36317296 -064.69927111 249.4000 0 3 {@Y,^lu}T{@L}B
20  32.36337641 -064.69861882 246.8600 0 3 {@L}B{@Y}Q{^ru}
20  32.36535059 -064.69495875 67.5300 0 3 {@Y,^lu}G{@L}B
20  32.36501617 -064.67747875 281.5100 0 3 {@Y,^l}C{@L}A
20  32.36712831 -064.68727168 101.5100 0 3 {@L}A{@Y,^l}F{^r}
20  32.36580577 -064.68724117 101.5100 0 3 {@Y,^l}F
20  32.36418843 -064.67784444 281.5100 0 3 {@Y}E{^r}
20  32.36435485 -064.67880531 101.5100 0 3 {@Y,^l}E
20  32.36315536 -064.67182947 101.5100 0 3 {@Y,^lu}C
20  32.36182385 -064.66408493 101.5100 0 3 {@Y,^l}A
20  32.36518806 -064.68708209 101.5100 0 3 {@Y}F{^r}
20  32.36627361 -064.68996969 281.5100 0 3 {@Y}B{^rd}
20  32.36559270 -064.68599851 281.5100 0 3 {@Y}F{^r}
20  32.36494720 -064.68569815 281.5100 0 3 {@Y,^l}F
20  32.36619273 -064.69315591 281.5100 0 3 {@Y,^l}G
20  32.36585008 -064.69094873 281.5100 0 3 {@Y,^lu}B
20  32.36684907 -064.68822284 281.5100 0 3 {@Y,^lu}B{@L}A{@@}A
20  32.36644106 -064.68602840 281.5100 0 3 {@L}A{@Y,^l}F{^r}
20  32.36732421 -064.68639720 191.5100 0 3 {@L}F{@Y,^l}A{^r}
20  32.36630939 -064.68697511 355.4300 0 3 {@L}F{@Y,^l}A{^r}
20  32.36501228 -064.67849127 11.5100 0 3 {@L}C{@Y,^l}A{^r}
20  32.36522777 -064.67873384 101.5100 0 3 {@L}A{@Y}C{^r}
20  32.36434868 -064.67062194 101.5100 0 3 {@Y,^l}APRON_IV{@L}A
20  32.36435527 -064.66967693 191.5100 0 3 {@Y,^l}A{^r}
20  32.36410799 -064.66824740 191.5100 0 3 {@Y,^l}A{^r}
20  32.36397953 -064.66861619 101.5100 0 3 {@Y,^l}APRON_IV{@L}A
20  32.36411165 -064.66938445 281.5100 0 3 {@L}A{@Y}APRON_IV{^r}
20  32.36372483 -064.67012133 191.5100 0 3 {hazard}
20  32.36339276 -064.66810555 191.5100 0 3 {hazard}
20  32.36326064 -064.66747990 281.5100 0 3 {@L}A{@Y}APRON_IV{^r}
14  32.36689293 -064.67722261 150.92 0 Tower Viewpoint
1300  32.36452406 -064.70131024   2.49 tie_down heavy|jets|turboprops|props|helos|fighters Military Ramp
1301 C military 
1300  32.36123110 -064.69999248 151.72 gate jets Gate 1
1301 C cargo 
1300  32.36097713 -064.70063352 151.72 gate jets Gate 2
1301 C airline 
1300  32.36093961 -064.70061058 151.72 gate heavy Gate 2
1301 E airline 
1300  32.36070181 -064.70120054 151.72 gate jets Gate 3
1301 C airline 
1300  32.36044225 -064.70178753 151.72 gate jets Gate 4
1301 C airline 
1300  32.35993443 -064.70301751 151.72 gate jets Gate 6
1301 C airline 
1300  32.35989691 -064.70299457 151.72 gate heavy Gate 6
1301 E airline 
1300  32.36018028 -064.70237459 152.41 gate jets Gate 5
1301 C airline 
1300  32.35989263 -064.70386339 152.32 gate jets Gate 7
1301 C airline 
1300  32.35972172 -064.70432469 152.36 gate jets Gate 8
1301 C airline 
1300  32.36808291 -064.68599392 190.00 tie_down heavy|jets|turboprops|props|helos Apron III
1301 E airline 
1300  32.36512576 -064.66943634 167.49 tie_down jets|turboprops|props|helos Apron IV
1301 A general_aviation 
1300  32.36507937 -064.66906938 -167.70 tie_down jets|turboprops|props|helos Apron IV
1301 A general_aviation 
1300  32.36490337 -064.66863166 -167.70 tie_down jets|turboprops|props|helos Apron IV
1301 B general_aviation 
1300  32.36483660 -064.66833834 -167.70 tie_down jets|turboprops|props|helos Apron IV
1301 B general_aviation 
1300  32.36478916 -064.66807415 -167.70 tie_down jets|turboprops|props|helos Apron IV
1301 B general_aviation 
1300  32.36460817 -064.66782868 -143.70 tie_down jets|turboprops|props|helos Apron IV
1301 C general_aviation 
19  32.36641978 -064.69614480 1 Windsock
19  32.36109628 -064.66846918 1 Windsock
1050 119600 ATIS
1051 122800 CTAF
1053 124500 GND
1054 118100 TWR
1055 119100 NEW YORK APP
1056 119100 NEW YORK DEP
1055 128500 NEW YORK APP
1000 Calm Wind ATC Flow
1001 TXKF 000 359 5
1002 TXKF 200
1003 TXKF 1.0
1101 30 left
1110 30 119100 arrivals|departures heavy|jets|turboprops|props|fighters 000000 000000 Arr,Dep Rwy 30
1000 RWY 30 ATC Flow
1001 TXKF 210 030 50
1002 TXKF 200
1003 TXKF 0.3
1101 30 left
1110 30 119100 arrivals|departures heavy|jets|turboprops|props|fighters 000000 000000 Arr,Dep Rwy 30
1000 RWY 12 ATC Flow
1001 TXKF 030 210 50
1002 TXKF 500
1003 TXKF 1.0
1101 30 left
1110 12 119100 arrivals|departures heavy|jets|turboprops|props|fighters 000000 000000 Arr,Dep Rwy 12
1000 Low IFR ATC Flow
1001 TXKF 000 359 50
1002 TXKF 0
1003 TXKF 0.0
1101 30 left
1110 30 119100 arrivals|departures heavy|jets|turboprops|props|fighters 000000 000000 Arr,Dep Rwy 30
1200 
1201  32.36355467 -064.66926848 both 0 C_stop
1201  32.36348892 -064.66933323 both 1 C_stop
1201  32.36714905 -064.68668913 both 2 F_stop
1201  32.36403253 -064.68639560 both 3 F_start
1201  32.36448360 -064.68643814 both 4 F_start
1201  32.36225355 -064.66329114 both 5 A_stop
1201  32.36218129 -064.66329328 both 6 A_stop
1201  32.36260371 -064.66356375 both 7 A_stop
1201  32.36311917 -064.66513944 both 8 A_stop
1201  32.36437374 -064.69983245 both 9 Q_start
1201  32.36249074 -064.70044510 both 10 T_start
1201  32.36216295 -064.70159503 both 11 W_start
1201  32.36260024 -064.70180668 both 12 B_stop
1201  32.36750687 -064.68792157 both 13 B_start
1201  32.36718770 -064.68882407 both 14 B_start
1201  32.36681568 -064.68665569 both 15 B_start
1201  32.36533911 -064.67805937 both 16 B_start
1201  32.36380941 -064.66914948 both 17 B_start
1201  32.36481684 -064.67817216 both 18 B_start
1201  32.36694153 -064.68952162 both 19 B_start
1201  32.36624375 -064.69149580 both 20 B_start
1201  32.36538694 -064.68652317 both 21 B_start
1201  32.36397999 -064.67835346 both 22 B_start
1201  32.36279713 -064.67146567 both 23 B_start
1201  32.36625702 -064.68660363 both 24 B_start
1201  32.36142202 -064.66347918 both 25 B_start
1201  32.36562477 -064.69325137 both 26 B_start
1201  32.36528390 -064.69421900 both 27 B_start
1201  32.36359138 -064.69900426 both 28 B_start
1201  32.36328538 -064.69986097 both 29 B_start
1201  32.36665207 -064.69386687 both 30 12/30_start
1201  32.36584944 -064.69407345 both 31 12/30_start
1201  32.36466784 -064.67070831 both 32 Ground_stop
1201  32.36510642 -064.67042030 both 33 Ground_stop
1201  32.36524005 -064.67018908 both 34 Ground_stop
1201  32.36538395 -064.66956844 both 35 Ground_stop
1201  32.36539081 -064.66930883 both 36 Ground_stop
1201  32.36520236 -064.66825821 both 37 Ground_stop
1201  32.36486315 -064.66754022 both 38 Ground_stop
1201  32.36469525 -064.66741041 both 39 Ground_stop
1201  32.36403396 -064.66728871 both 40 Ground_start
1201  32.35951562 -064.70461354 both 41 Ground_stop
1201  32.35928303 -064.70416751 both 42 Ground_stop
1201  32.35949954 -064.70366678 both 43 Ground_start
1201  32.35933249 -064.70326531 both 44 Ground_stop
1201  32.35940199 -064.70359052 both 45 Ground_stop
1201  32.35919479 -064.70383589 both 46 Ground_stop
1201  32.35915617 -064.70405686 both 47 Ground_stop
1201  32.35936810 -064.70467165 both 48 Ground_stop
1201  32.35991014 -064.70502375 both 49 Ground_stop
1201  32.35946187 -064.70473293 both 50 Ground_stop
1201  32.36044929 -064.70380094 both 51 Ground_stop
1201  32.36020610 -064.70434465 both 52 Ground_stop
1201  32.36047408 -064.70363793 both 53 Ground_stop
1201  32.36043244 -064.70318666 both 54 Ground_stop
1201  32.36046824 -064.70293236 both 55 Ground_stop
1201  32.36174165 -064.70011683 both 56 Ground_start
1201  32.36152936 -064.70057280 both 57 Ground_start
1201  32.36126097 -064.70117448 both 58 Ground_start
1201  32.36100461 -064.70175082 both 59 Ground_start
1201  32.36097976 -064.70180195 both 60 Grounf_stop
1201  32.36074050 -064.70233391 both 61 Grounf_stop
1201  32.36201566 -064.70247057 both 62 Grounf_stop
1201  32.36310159 -064.70254288 both 63 Grounf_stop
1201  32.36398923 -064.70218651 both 64 Grounf_stop
1201  32.36442383 -064.70249567 both 65 Grounf_stop
1201  32.36504051 -064.70280812 both 66 Grounf_stop
1201  32.36520772 -064.70231568 both 67 Grounf_start
1202 0 17 twoway taxiway_E C
1202 1 0 twoway taxiway_E C
1204 departure 12,30
1204 arrival 12,30
1204 ils 12,30
1202 23 1 twoway taxiway_E C
1204 departure 12,30
1204 arrival 12,30
1204 ils 12,30
1202 16 18 twoway taxiway_C E
1202 18 22 twoway taxiway_C E
1204 departure 12,30
1204 arrival 12,30
1204 ils 12,30
1202 3 4 twoway taxiway_E F
1202 4 21 twoway taxiway_E F
1204 departure 12,30
1204 arrival 12,30
1204 ils 12,30
1202 21 24 twoway taxiway_E F
1204 departure 12,30
1204 arrival 12,30
1204 ils 12,30
1202 24 15 twoway taxiway_E F
1202 15 2 twoway taxiway_E F
1202 5 6 twoway taxiway_E A
1204 departure 12,30
1204 arrival 12,30
1204 ils 12,30
1202 6 25 twoway taxiway_E A
1204 departure 12,30
1204 arrival 12,30
1204 ils 12,30
1202 7 5 twoway taxiway_E A
1202 8 7 twoway taxiway_E A
1202 14 15 twoway taxiway_E A
1202 15 16 twoway taxiway_E A
1202 16 17 twoway taxiway_E A
1202 17 8 twoway taxiway_E A
1202 30 31 twoway taxiway_E G
1204 departure 12,30
1204 arrival 12,30
1204 ils 12,30
1202 31 27 twoway taxiway_E G
1202 9 28 twoway taxiway_C Q
1202 10 29 twoway taxiway_E T
1202 11 12 twoway taxiway_E W
1202 13 14 twoway taxiway_E B
1202 14 19 twoway taxiway_E B
1202 19 20 twoway taxiway_E B
1204 departure 12,30
1204 arrival 12,30
1204 ils 12,30
1202 20 26 twoway taxiway_E B
1204 departure 12,30
1204 arrival 12,30
1204 ils 12,30
1202 26 27 twoway taxiway_E B
1202 27 28 twoway taxiway_E B
1202 28 29 twoway taxiway_E B
1202 29 12 twoway taxiway_E B
1202 30 20 twoway runway 12/30
1204 departure 12,30
1204 arrival 12,30
1204 ils 12,30
1202 20 21 twoway runway 12/30
1204 departure 12,30
1204 arrival 12,30
1204 ils 12,30
1202 21 22 twoway runway 12/30
1204 departure 12,30
1204 arrival 12,30
1204 ils 12,30
1202 22 23 twoway runway 12/30
1204 departure 12,30
1204 arrival 12,30
1204 ils 12,30
1202 23 25 twoway runway 12/30
1204 departure 12,30
1204 arrival 12,30
1204 ils 12,30
1206 33 32 twoway  Ground
1206 34 33 twoway  Ground
1206 35 34 twoway  Ground
1206 36 35 twoway  Ground
1206 37 36 twoway  Ground
1206 38 37 twoway  Ground
1206 39 38 twoway  Ground
1206 40 39 twoway  Ground
1206 41 50 twoway  Ground
1206 42 41 twoway  Ground
1206 43 42 twoway  Ground
1206 45 44 twoway  Ground
1206 46 45 twoway  Ground
1206 47 46 twoway  Ground
1206 48 47 twoway  Ground
1206 49 50 twoway  Ground
1206 50 48 twoway  Ground
1206 51 52 twoway  Ground
1206 52 49 twoway  Ground
1206 53 51 twoway  Ground
1206 54 53 twoway  Ground
1206 55 54 twoway  Ground
1206 60 61 twoway  Ground
1206 61 55 twoway  Ground
1206 56 57 twoway  Ground
1206 57 58 twoway  Ground
1206 58 59 twoway  Ground
1206 59 60 twoway  Ground
1206 62 60 twoway  Grounf
1206 63 62 twoway  Grounf
1206 64 63 twoway  Grounf
1206 65 64 twoway  Grounf
1206 66 65 twoway  Grounf
1206 67 66 twoway  Grounf
99
